Size 1999 
 9.9999218e-01
 9.9996524e-01
 9.9989863e-01
 9.9972895e-01
 9.9938043e-01
 9.9868339e-01
 9.9775786e-01
 9.9670458e-01
 9.9556999e-01
 9.9424186e-01
 9.9286275e-01
 9.9145915e-01
 9.9017663e-01
 9.8896504e-01
 9.8784535e-01
 9.8652526e-01
 9.8515855e-01
 9.8378183e-01
 9.8215209e-01
 9.8071276e-01
 9.7918069e-01
 9.7729746e-01
 9.7561309e-01
 9.7392415e-01
 9.7236248e-01
 9.7075531e-01
 9.6941997e-01
 9.6823857e-01
 9.6685475e-01
 9.6555899e-01
 9.6396767e-01
 9.6249899e-01
 9.6138068e-01
 9.6027668e-01
 9.5912932e-01
 9.5791192e-01
 9.5688595e-01
 9.5566699e-01
 9.5434558e-01
 9.5314284e-01
 9.5191148e-01
 9.5070677e-01
 9.4940017e-01
 9.4804017e-01
 9.4658585e-01
 9.4501498e-01
 9.4342954e-01
 9.4169662e-01
 9.3972771e-01
 9.3774398e-01
 9.3582855e-01
 9.3382524e-01
 9.3172995e-01
 9.2958809e-01
 9.2728303e-01
 9.2513644e-01
 9.2323053e-01
 9.2145968e-01
 9.1976220e-01
 9.1823969e-01
 9.1675576e-01
 9.1513960e-01
 9.1344284e-01
 9.1155219e-01
 9.0949915e-01
 9.0730308e-01
 9.0511309e-01
 9.0296685e-01
 9.0074023e-01
 8.9880988e-01
 8.9714822e-01
 8.9542729e-01
 8.9374655e-01
 8.9214844e-01
 8.9058359e-01
 8.8907302e-01
 8.8744431e-01
 8.8554585e-01
 8.8366514e-01
 8.8171675e-01
 8.7984305e-01
 8.7779829e-01
 8.7587851e-01
 8.7401947e-01
 8.7239998e-01
 8.7072305e-01
 8.6913735e-01
 8.6750261e-01
 8.6569572e-01
 8.6386392e-01
 8.6202796e-01
 8.6018999e-01
 8.5834565e-01
 8.5655482e-01
 8.5498602e-01
 8.5350291e-01
 8.5188924e-01
 8.5034434e-01
 8.4867836e-01
 8.4708704e-01
 8.4559455e-01
 8.4387788e-01
 8.4195938e-01
 8.4002074e-01
 8.3808369e-01
 8.3606080e-01
 8.3419487e-01
 8.3236560e-01
 8.3043397e-01
 8.2871048e-01
 8.2709666e-01
 8.2547325e-01
 8.2382799e-01
 8.2220679e-01
 8.2069009e-01
 8.1904568e-01
 8.1739980e-01
 8.1555061e-01
 8.1357287e-01
 8.1148139e-01
 8.0953395e-01
 8.0764694e-01
 8.0573142e-01
 8.0384854e-01
 8.0196268e-01
 8.0025921e-01
 7.9850120e-01
 7.9657727e-01
 7.9472469e-01
 7.9275190e-01
 7.9100949e-01
 7.8935504e-01
 7.8773884e-01
 7.8604012e-01
 7.8438073e-01
 7.8266239e-01
 7.8081021e-01
 7.7898157e-01
 7.7691541e-01
 7.7484672e-01
 7.7277203e-01
 7.7074196e-01
 7.6891152e-01
 7.6718441e-01
 7.6560043e-01
 7.6401547e-01
 7.6241406e-01
 7.6082465e-01
 7.5936719e-01
 7.5802947e-01
 7.5652533e-01
 7.5508875e-01
 7.5363970e-01
 7.5201433e-01
 7.5019820e-01
 7.4831832e-01
 7.4637935e-01
 7.4437864e-01
 7.4257294e-01
 7.4073919e-01
 7.3876866e-01
 7.3676336e-01
 7.3478670e-01
 7.3288023e-01
 7.3107700e-01
 7.2931546e-01
 7.2766184e-01
 7.2597998e-01
 7.2431120e-01
 7.2276409e-01
 7.2119488e-01
 7.1974947e-01
 7.1831959e-01
 7.1693985e-01
 7.1561846e-01
 7.1434035e-01
 7.1300421e-01
 7.1171121e-01
 7.1027581e-01
 7.0883319e-01
 7.0728579e-01
 7.0574842e-01
 7.0430951e-01
 7.0296124e-01
 7.0177219e-01
 7.0046954e-01
 6.9921264e-01
 6.9782697e-01
 6.9638583e-01
 6.9494666e-01
 6.9347893e-01
 6.9203857e-01
 6.9049740e-01
 6.8888586e-01
 6.8714298e-01
 6.8531829e-01
 6.8356977e-01
 6.8168694e-01
 6.7997775e-01
 6.7842987e-01
 6.7695244e-01
 6.7568611e-01
 6.7436082e-01
 6.7305579e-01
 6.7176136e-01
 6.7036340e-01
 6.6891979e-01
 6.6743106e-01
 6.6588242e-01
 6.6443272e-01
 6.6282723e-01
 6.6124116e-01
 6.5941966e-01
 6.5742265e-01
 6.5539247e-01
 6.5338907e-01
 6.5139946e-01
 6.4945788e-01
 6.4765984e-01
 6.4601555e-01
 6.4462401e-01
 6.4335803e-01
 6.4213425e-01
 6.4097520e-01
 6.3985125e-01
 6.3873636e-01
 6.3755948e-01
 6.3635014e-01
 6.3516990e-01
 6.3391821e-01
 6.3272853e-01
 6.3147060e-01
 6.3015603e-01
 6.2873733e-01
 6.2721842e-01
 6.2576779e-01
 6.2446010e-01
 6.2338634e-01
 6.2240660e-01
 6.2150723e-01
 6.2072091e-01
 6.1993033e-01
 6.1916738e-01
 6.1842053e-01
 6.1768824e-01
 6.1697026e-01
 6.1622524e-01
 6.1554544e-01
 6.1488666e-01
 6.1425010e-01
 6.1364222e-01
 6.1303803e-01
 6.1244230e-01
 6.1185744e-01
 6.1129148e-01
 6.1073425e-01
 6.1011996e-01
 6.0957384e-01
 6.0903951e-01
 6.0850020e-01
 6.0789791e-01
 6.0726393e-01
 6.0654701e-01
 6.0580588e-01
 6.0502972e-01
 6.0422177e-01
 6.0341292e-01
 6.0249655e-01
 6.0157340e-01
 6.0062154e-01
 5.9968494e-01
 5.9876572e-01
 5.9768277e-01
 5.9666903e-01
 5.9555010e-01
 5.9450529e-01
 5.9346671e-01
 5.9238030e-01
 5.9133308e-01
 5.9030282e-01
 5.8923708e-01
 5.8809758e-01
 5.8704428e-01
 5.8613563e-01
 5.8530448e-01
 5.8456608e-01
 5.8383424e-01
 5.8305597e-01
 5.8228478e-01
 5.8151745e-01
 5.8078017e-01
 5.8004912e-01
 5.7933892e-01
 5.7862206e-01
 5.7786632e-01
 5.7708862e-01
 5.7632079e-01
 5.7562153e-01
 5.7491869e-01
 5.7422266e-01
 5.7356902e-01
 5.7291948e-01
 5.7224287e-01
 5.7155916e-01
 5.7085014e-01
 5.7015639e-01
 5.6942509e-01
 5.6866331e-01
 5.6787350e-01
 5.6707697e-01
 5.6629038e-01
 5.6553223e-01
 5.6480967e-01
 5.6412256e-01
 5.6344202e-01
 5.6272760e-01
 5.6208190e-01
 5.6141579e-01
 5.6072756e-01
 5.6001490e-01
 5.5929430e-01
 5.5854515e-01
 5.5781083e-01
 5.5713349e-01
 5.5641165e-01
 5.5564235e-01
 5.5483883e-01
 5.5396870e-01
 5.5313612e-01
 5.5233854e-01
 5.5150834e-01
 5.5067853e-01
 5.4977434e-01
 5.4885549e-01
 5.4792605e-01
 5.4702876e-01
 5.4614054e-01
 5.4528798e-01
 5.4447833e-01
 5.4376725e-01
 5.4302477e-01
 5.4225367e-01
 5.4148670e-01
 5.4068544e-01
 5.3985896e-01
 5.3897837e-01
 5.3810239e-01
 5.3713406e-01
 5.3612954e-01
 5.3511396e-01
 5.3409031e-01
 5.3301162e-01
 5.3206623e-01
 5.3117269e-01
 5.3029170e-01
 5.2938791e-01
 5.2849780e-01
 5.2757650e-01
 5.2666677e-01
 5.2578613e-01
 5.2495636e-01
 5.2416617e-01
 5.2337914e-01
 5.2266049e-01
 5.2196262e-01
 5.2121393e-01
 5.2043061e-01
 5.1960729e-01
 5.1875380e-01
 5.1791806e-01
 5.1707308e-01
 5.1618645e-01
 5.1528653e-01
 5.1443672e-01
 5.1357450e-01
 5.1273519e-01
 5.1192615e-01
 5.1111411e-01
 5.1033057e-01
 5.0955952e-01
 5.0884439e-01
 5.0815534e-01
 5.0751157e-01
 5.0688279e-01
 5.0625192e-01
 5.0555499e-01
 5.0479599e-01
 5.0400666e-01
 5.0317645e-01
 5.0233806e-01
 5.0139972e-01
 5.0044990e-01
 4.9949242e-01
 4.9856029e-01
 4.9760184e-01
 4.9656218e-01
 4.9545404e-01
 4.9425312e-01
 4.9295111e-01
 4.9164843e-01
 4.9048787e-01
 4.8940399e-01
 4.8830862e-01
 4.8723415e-01
 4.8620253e-01
 4.8513601e-01
 4.8411462e-01
 4.8313083e-01
 4.8226902e-01
 4.8146222e-01
 4.8066193e-01
 4.7986154e-01
 4.7911765e-01
 4.7842281e-01
 4.7774488e-01
 4.7703116e-01
 4.7640240e-01
 4.7582919e-01
 4.7528029e-01
 4.7471287e-01
 4.7409519e-01
 4.7344936e-01
 4.7282187e-01
 4.7220437e-01
 4.7165785e-01
 4.7118284e-01
 4.7071443e-01
 4.7025367e-01
 4.6978888e-01
 4.6930227e-01
 4.6881057e-01
 4.6824321e-01
 4.6769144e-01
 4.6712265e-01
 4.6659922e-01
 4.6610473e-01
 4.6563340e-01
 4.6517191e-01
 4.6472302e-01
 4.6429228e-01
 4.6384836e-01
 4.6340821e-01
 4.6298450e-01
 4.6255620e-01
 4.6214185e-01
 4.6172359e-01
 4.6130162e-01
 4.6088286e-01
 4.6047878e-01
 4.6006266e-01
 4.5965362e-01
 4.5925400e-01
 4.5884848e-01
 4.5845922e-01
 4.5809763e-01
 4.5776475e-01
 4.5745072e-01
 4.5715277e-01
 4.5687796e-01
 4.5663593e-01
 4.5640289e-01
 4.5618937e-01
 4.5597669e-01
 4.5577201e-01
 4.5557694e-01
 4.5538142e-01
 4.5518604e-01
 4.5499893e-01
 4.5481975e-01
 4.5464052e-01
 4.5448456e-01
 4.5432944e-01
 4.5418652e-01
 4.5405445e-01
 4.5392100e-01
 4.5377879e-01
 4.5362486e-01
 4.5346163e-01
 4.5328621e-01
 4.5311530e-01
 4.5293183e-01
 4.5274741e-01
 4.5255965e-01
 4.5235877e-01
 4.5215172e-01
 4.5193480e-01
 4.5171183e-01
 4.5149242e-01
 4.5128331e-01
 4.5107386e-01
 4.5086418e-01
 4.5066542e-01
 4.5047219e-01
 4.5030070e-01
 4.5012956e-01
 4.4995745e-01
 4.4976851e-01
 4.4957918e-01
 4.4940141e-01
 4.4923472e-01
 4.4907176e-01
 4.4888691e-01
 4.4871139e-01
 4.4852770e-01
 4.4833988e-01
 4.4815454e-01
 4.4796768e-01
 4.4778702e-01
 4.4759854e-01
 4.4739043e-01
 4.4715508e-01
 4.4687979e-01
 4.4659324e-01
 4.4631826e-01
 4.4604751e-01
 4.4577678e-01
 4.4552184e-01
 4.4526909e-01
 4.4504350e-01
 4.4484944e-01
 4.4465630e-01
 4.4445972e-01
 4.4425622e-01
 4.4403295e-01
 4.4379345e-01
 4.4355801e-01
 4.4333731e-01
 4.4312006e-01
 4.4290957e-01
 4.4271151e-01
 4.4250921e-01
 4.4230078e-01
 4.4208377e-01
 4.4186585e-01
 4.4163622e-01
 4.4139319e-01
 4.4113203e-01
 4.4086614e-01
 4.4062211e-01
 4.4038600e-01
 4.4015773e-01
 4.3991103e-01
 4.3966593e-01
 4.3943091e-01
 4.3920206e-01
 4.3894852e-01
 4.3867856e-01
 4.3840224e-01
 4.3811942e-01
 4.3782324e-01
 4.3750077e-01
 4.3713776e-01
 4.3676713e-01
 4.3636910e-01
 4.3595432e-01
 4.3550095e-01
 4.3503431e-01
 4.3456114e-01
 4.3409844e-01
 4.3363880e-01
 4.3321505e-01
 4.3283550e-01
 4.3246463e-01
 4.3207706e-01
 4.3167723e-01
 4.3125763e-01
 4.3084485e-01
 4.3044115e-01
 4.2999316e-01
 4.2954012e-01
 4.2910181e-01
 4.2868948e-01
 4.2830076e-01
 4.2791240e-01
 4.2750414e-01
 4.2707321e-01
 4.2662874e-01
 4.2618248e-01
 4.2574206e-01
 4.2530590e-01
 4.2488076e-01
 4.2446311e-01
 4.2403371e-01
 4.2355622e-01
 4.2301845e-01
 4.2244680e-01
 4.2185877e-01
 4.2128885e-01
 4.2073311e-01
 4.2016740e-01
 4.1963926e-01
 4.1913733e-01
 4.1865699e-01
 4.1816560e-01
 4.1768352e-01
 4.1716207e-01
 4.1662302e-01
 4.1609486e-01
 4.1557680e-01
 4.1504960e-01
 4.1452012e-01
 4.1393853e-01
 4.1336716e-01
 4.1279169e-01
 4.1221887e-01
 4.1170294e-01
 4.1124788e-01
 4.1084731e-01
 4.1049690e-01
 4.1017804e-01
 4.0988490e-01
 4.0957489e-01
 4.0927828e-01
 4.0900351e-01
 4.0871717e-01
 4.0842908e-01
 4.0816747e-01
 4.0789430e-01
 4.0761956e-01
 4.0730331e-01
 4.0696872e-01
 4.0662554e-01
 4.0627989e-01
 4.0595515e-01
 4.0562056e-01
 4.0527934e-01
 4.0496461e-01
 4.0466084e-01
 4.0437959e-01
 4.0407568e-01
 4.0373425e-01
 4.0334999e-01
 4.0292945e-01
 4.0247625e-01
 4.0200581e-01
 4.0149698e-01
 4.0095724e-01
 4.0040777e-01
 3.9984501e-01
 3.9925742e-01
 3.9864635e-01
 3.9801976e-01
 3.9740035e-01
 3.9680359e-01
 3.9621775e-01
 3.9557635e-01
 3.9492822e-01
 3.9424934e-01
 3.9353560e-01
 3.9276949e-01
 3.9193358e-01
 3.9113863e-01
 3.9039800e-01
 3.8966876e-01
 3.8885701e-01
 3.8793361e-01
 3.8697220e-01
 3.8598370e-01
 3.8496806e-01
 3.8389185e-01
 3.8286690e-01
 3.8192862e-01
 3.8106695e-01
 3.8023973e-01
 3.7949189e-01
 3.7880845e-01
 3.7815620e-01
 3.7755483e-01
 3.7698545e-01
 3.7644479e-01
 3.7588042e-01
 3.7527526e-01
 3.7465016e-01
 3.7402071e-01
 3.7340154e-01
 3.7276209e-01
 3.7205934e-01
 3.7138436e-01
 3.7064627e-01
 3.6992915e-01
 3.6920445e-01
 3.6849223e-01
 3.6778871e-01
 3.6714731e-01
 3.6653380e-01
 3.6595308e-01
 3.6533231e-01
 3.6472583e-01
 3.6412773e-01
 3.6356044e-01
 3.6297910e-01
 3.6239946e-01
 3.6188889e-01
 3.6141709e-01
 3.6095004e-01
 3.6052295e-01
 3.6014036e-01
 3.5974924e-01
 3.5936202e-01
 3.5896445e-01
 3.5854395e-01
 3.5808890e-01
 3.5761522e-01
 3.5711756e-01
 3.5661634e-01
 3.5612264e-01
 3.5566817e-01
 3.5526784e-01
 3.5488145e-01
 3.5452541e-01
 3.5416771e-01
 3.5382921e-01
 3.5351269e-01
 3.5316857e-01
 3.5282935e-01
 3.5251303e-01
 3.5221286e-01
 3.5191163e-01
 3.5158999e-01
 3.5122926e-01
 3.5083577e-01
 3.5044237e-01
 3.5002886e-01
 3.4960316e-01
 3.4913552e-01
 3.4862205e-01
 3.4807463e-01
 3.4752265e-01
 3.4695057e-01
 3.4634982e-01
 3.4576536e-01
 3.4521225e-01
 3.4466998e-01
 3.4411492e-01
 3.4352204e-01
 3.4293968e-01
 3.4235402e-01
 3.4175540e-01
 3.4111546e-01
 3.4042403e-01
 3.3970097e-01
 3.3890578e-01
 3.3809356e-01
 3.3721783e-01
 3.3630499e-01
 3.3539004e-01
 3.3458315e-01
 3.3384026e-01
 3.3314192e-01
 3.3248653e-01
 3.3180860e-01
 3.3110452e-01
 3.3036583e-01
 3.2957482e-01
 3.2878665e-01
 3.2798614e-01
 3.2714176e-01
 3.2631126e-01
 3.2551309e-01
 3.2476387e-01
 3.2410124e-01
 3.2348768e-01
 3.2285575e-01
 3.2220714e-01
 3.2153419e-01
 3.2088291e-01
 3.2027609e-01
 3.1972288e-01
 3.1922198e-01
 3.1874884e-01
 3.1828108e-01
 3.1780898e-01
 3.1739558e-01
 3.1702053e-01
 3.1665763e-01
 3.1631388e-01
 3.1596229e-01
 3.1562299e-01
 3.1529159e-01
 3.1497743e-01
 3.1468465e-01
 3.1441506e-01
 3.1415242e-01
 3.1386496e-01
 3.1354654e-01
 3.1321788e-01
 3.1289782e-01
 3.1256518e-01
 3.1224095e-01
 3.1189025e-01
 3.1151655e-01
 3.1114533e-01
 3.1076387e-01
 3.1041683e-01
 3.1007762e-01
 3.0979137e-01
 3.0953651e-01
 3.0927868e-01
 3.0903928e-01
 3.0880721e-01
 3.0858164e-01
 3.0834991e-01
 3.0812460e-01
 3.0789213e-01
 3.0765738e-01
 3.0740942e-01
 3.0716682e-01
 3.0693690e-01
 3.0671695e-01
 3.0652751e-01
 3.0635189e-01
 3.0617317e-01
 3.0599513e-01
 3.0582835e-01
 3.0564516e-01
 3.0544149e-01
 3.0523453e-01
 3.0500841e-01
 3.0476209e-01
 3.0449137e-01
 3.0420634e-01
 3.0391823e-01
 3.0362575e-01
 3.0332363e-01
 3.0298079e-01
 3.0263593e-01
 3.0226856e-01
 3.0190683e-01
 3.0155002e-01
 3.0118497e-01
 3.0083581e-01
 3.0045565e-01
 3.0008022e-01
 2.9969502e-01
 2.9929519e-01
 2.9887293e-01
 2.9840309e-01
 2.9786629e-01
 2.9727573e-01
 2.9657737e-01
 2.9576813e-01
 2.9485080e-01
 2.9389327e-01
 2.9287209e-01
 2.9182063e-01
 2.9070420e-01
 2.8955495e-01
 2.8840931e-01
 2.8733012e-01
 2.8638711e-01
 2.8553622e-01
 2.8473129e-01
 2.8399124e-01
 2.8334639e-01
 2.8272352e-01
 2.8207826e-01
 2.8132235e-01
 2.8054958e-01
 2.7981020e-01
 2.7909371e-01
 2.7841166e-01
 2.7770877e-01
 2.7697988e-01
 2.7621534e-01
 2.7536180e-01
 2.7440756e-01
 2.7343234e-01
 2.7233742e-01
 2.7105435e-01
 2.6956110e-01
 2.6792793e-01
 2.6633831e-01
 2.6481216e-01
 2.6342289e-01
 2.6229465e-01
 2.6118482e-01
 2.6015377e-01
 2.5911635e-01
 2.5803248e-01
 2.5698663e-01
 2.5591195e-01
 2.5481216e-01
 2.5363418e-01
 2.5240623e-01
 2.5107353e-01
 2.4962998e-01
 2.4821319e-01
 2.4689764e-01
 2.4567208e-01
 2.4437641e-01
 2.4284205e-01
 2.4121872e-01
 2.3952879e-01
 2.3798519e-01
 2.3640312e-01
 2.3487571e-01
 2.3335470e-01
 2.3194054e-01
 2.3066715e-01
 2.2958130e-01
 2.2858020e-01
 2.2771189e-01
 2.2690031e-01
 2.2615847e-01
 2.2542317e-01
 2.2469507e-01
 2.2392858e-01
 2.2318267e-01
 2.2240507e-01
 2.2163943e-01
 2.2081210e-01
 2.1991260e-01
 2.1896203e-01
 2.1801724e-01
 2.1713761e-01
 2.1627550e-01
 2.1542927e-01
 2.1463479e-01
 2.1391253e-01
 2.1318916e-01
 2.1252273e-01
 2.1192634e-01
 2.1140056e-01
 2.1093647e-01
 2.1051015e-01
 2.1011793e-01
 2.0973226e-01
 2.0933384e-01
 2.0893990e-01
 2.0851695e-01
 2.0808062e-01
 2.0766855e-01
 2.0722227e-01
 2.0674373e-01
 2.0620748e-01
 2.0561181e-01
 2.0493268e-01
 2.0415822e-01
 2.0324069e-01
 2.0220261e-01
 2.0099889e-01
 1.9976908e-01
 1.9858611e-01
 1.9739778e-01
 1.9631673e-01
 1.9522274e-01
 1.9419188e-01
 1.9317622e-01
 1.9221350e-01
 1.9122992e-01
 1.9009770e-01
 1.8886954e-01
 1.8758331e-01
 1.8630304e-01
 1.8500692e-01
 1.8362734e-01
 1.8221686e-01
 1.8080095e-01
 1.7951484e-01
 1.7831741e-01
 1.7715772e-01
 1.7596840e-01
 1.7469087e-01
 1.7339271e-01
 1.7215925e-01
 1.7081047e-01
 1.6943797e-01
 1.6805953e-01
 1.6679668e-01
 1.6568460e-01
 1.6462970e-01
 1.6356269e-01
 1.6254672e-01
 1.6158071e-01
 1.6064709e-01
 1.5963921e-01
 1.5859139e-01
 1.5752477e-01
 1.5651676e-01
 1.5556216e-01
 1.5462249e-01
 1.5367590e-01
 1.5272142e-01
 1.5186202e-01
 1.5110572e-01
 1.5038324e-01
 1.4968108e-01
 1.4898771e-01
 1.4829997e-01
 1.4769284e-01
 1.4709851e-01
 1.4651696e-01
 1.4597523e-01
 1.4544744e-01
 1.4494245e-01
 1.4445625e-01
 1.4399603e-01
 1.4351450e-01
 1.4297352e-01
 1.4241202e-01
 1.4178078e-01
 1.4114162e-01
 1.4055450e-01
 1.4003455e-01
 1.3955491e-01
 1.3905729e-01
 1.3857788e-01
 1.3808688e-01
 1.3759511e-01
 1.3707182e-01
 1.3651555e-01
 1.3594911e-01
 1.3536979e-01
 1.3474745e-01
 1.3410744e-01
 1.3344013e-01
 1.3276180e-01
 1.3206991e-01
 1.3138825e-01
 1.3070703e-01
 1.3001012e-01
 1.2927824e-01
 1.2852054e-01
 1.2767628e-01
 1.2673566e-01
 1.2580282e-01
 1.2476006e-01
 1.2351626e-01
 1.2199681e-01
 1.2034010e-01
 1.1871233e-01
 1.1720554e-01
 1.1560750e-01
 1.1394365e-01
 1.1250986e-01
 1.1126724e-01
 1.1019512e-01
 1.0922456e-01
 1.0835727e-01
 1.0754327e-01
 1.0678111e-01
 1.0607707e-01
 1.0532453e-01
 1.0453793e-01
 1.0380810e-01
 1.0314168e-01
 1.0252827e-01
 1.0189283e-01
 1.0122436e-01
 1.0050879e-01
 9.9817465e-02
 9.9250405e-02
 9.8788163e-02
 9.8398344e-02
 9.8021983e-02
 9.7637148e-02
 9.7207786e-02
 9.6733007e-02
 9.6184932e-02
 9.5533830e-02
 9.4803890e-02
 9.4081601e-02
 9.3381183e-02
 9.2803219e-02
 9.2265016e-02
 9.1817778e-02
 9.1420984e-02
 9.1077675e-02
 9.0760727e-02
 9.0466323e-02
 9.0154123e-02
 8.9777963e-02
 8.9343007e-02
 8.8872825e-02
 8.8295020e-02
 8.7509620e-02
 8.6548925e-02
 8.5443313e-02
 8.4248886e-02
 8.3016204e-02
 8.1903282e-02
 8.0887093e-02
 8.0003478e-02
 7.9176470e-02
 7.8421483e-02
 7.7757201e-02
 7.7151337e-02
 7.6590439e-02
 7.6002238e-02
 7.5364810e-02
 7.4746456e-02
 7.4124013e-02
 7.3495291e-02
 7.2820207e-02
 7.2140395e-02
 7.1496620e-02
 7.0894417e-02
 7.0282336e-02
 6.9599369e-02
 6.8958714e-02
 6.8334224e-02
 6.7731927e-02
 6.7127335e-02
 6.6547463e-02
 6.6009359e-02
 6.5517242e-02
 6.5069537e-02
 6.4663772e-02
 6.4252300e-02
 6.3826718e-02
 6.3387822e-02
 6.2930676e-02
 6.2486024e-02
 6.2040865e-02
 6.1653017e-02
 6.1297680e-02
 6.0959406e-02
 6.0619699e-02
 6.0283020e-02
 5.9971420e-02
 5.9651248e-02
 5.9318716e-02
 5.8961465e-02
 5.8574337e-02
 5.8198049e-02
 5.7859253e-02
 5.7542668e-02
 5.7273258e-02
 5.7049713e-02
 5.6861383e-02
 5.6681070e-02
 5.6480846e-02
 5.6254337e-02
 5.6017596e-02
 5.5754302e-02
 5.5456319e-02
 5.5130307e-02
 5.4810009e-02
 5.4528255e-02
 5.4292055e-02
 5.4083206e-02
 5.3898461e-02
 5.3715727e-02
 5.3544439e-02
 5.3387174e-02
 5.3230545e-02
 5.3065113e-02
 5.2899160e-02
 5.2732775e-02
 5.2556922e-02
 5.2368623e-02
 5.2195199e-02
 5.2035918e-02
 5.1886830e-02
 5.1744720e-02
 5.1612739e-02
 5.1493277e-02
 5.1385509e-02
 5.1283363e-02
 5.1180028e-02
 5.1075113e-02
 5.0975358e-02
 5.0872485e-02
 5.0773272e-02
 5.0671521e-02
 5.0559944e-02
 5.0443833e-02
 5.0317811e-02
 5.0191025e-02
 5.0056630e-02
 4.9908388e-02
 4.9759966e-02
 4.9625956e-02
 4.9502410e-02
 4.9382966e-02
 4.9267946e-02
 4.9144787e-02
 4.9018758e-02
 4.8888541e-02
 4.8758319e-02
 4.8635981e-02
 4.8506967e-02
 4.8375623e-02
 4.8239275e-02
 4.8103376e-02
 4.7966747e-02
 4.7817464e-02
 4.7649459e-02
 4.7487446e-02
 4.7327877e-02
 4.7178286e-02
 4.7032034e-02
 4.6888202e-02
 4.6730535e-02
 4.6563158e-02
 4.6379971e-02
 4.6190596e-02
 4.5988815e-02
 4.5779123e-02
 4.5590162e-02
 4.5417195e-02
 4.5252839e-02
 4.5091590e-02
 4.4935977e-02
 4.4772476e-02
 4.4606288e-02
 4.4438671e-02
 4.4286338e-02
 4.4144680e-02
 4.4014054e-02
 4.3891333e-02
 4.3774457e-02
 4.3673000e-02
 4.3580012e-02
 4.3495790e-02
 4.3419200e-02
 4.3353543e-02
 4.3293999e-02
 4.3228954e-02
 4.3160866e-02
 4.3088840e-02
 4.3011649e-02
 4.2920084e-02
 4.2823429e-02
 4.2723564e-02
 4.2626876e-02
 4.2526941e-02
 4.2428792e-02
 4.2337876e-02
 4.2258164e-02
 4.2174744e-02
 4.2087277e-02
 4.1997803e-02
 4.1906702e-02
 4.1814255e-02
 4.1717481e-02
 4.1617908e-02
 4.1519996e-02
 4.1418937e-02
 4.1319682e-02
 4.1228723e-02
 4.1130462e-02
 4.1028169e-02
 4.0918880e-02
 4.0799474e-02
 4.0673253e-02
 4.0547360e-02
 4.0425772e-02
 4.0323568e-02
 4.0230915e-02
 4.0138670e-02
 4.0051982e-02
 3.9969250e-02
 3.9886515e-02
 3.9799203e-02
 3.9700787e-02
 3.9597298e-02
 3.9487264e-02
 3.9377881e-02
 3.9255461e-02
 3.9108010e-02
 3.8910737e-02
 3.8668134e-02
 3.8381537e-02
 3.8056632e-02
 3.7746444e-02
 3.7483849e-02
 3.7266977e-02
 3.7087747e-02
 3.6935494e-02
 3.6824426e-02
 3.6735374e-02
 3.6662499e-02
 3.6595634e-02
 3.6524163e-02
 3.6444079e-02
 3.6342518e-02
 3.6199060e-02
 3.5983798e-02
 3.5633887e-02
 3.5054690e-02
 3.4106655e-02
 3.2755224e-02
 3.1107031e-02
 2.9300375e-02
 2.7573742e-02
 2.6046875e-02
 2.4895879e-02
 2.4147952e-02
 2.3684911e-02
 2.3394816e-02
 2.3194177e-02
 2.3061950e-02
 2.2978063e-02
 2.2912332e-02
 2.2856424e-02
 2.2793350e-02
 2.2708841e-02
 2.2582041e-02
 2.2410625e-02
 2.2158852e-02
 2.1788166e-02
 2.1317742e-02
 2.0697839e-02
 2.0009518e-02
 1.9265524e-02
 1.8570422e-02
 1.8024948e-02
 1.7568163e-02
 1.7228193e-02
 1.7006209e-02
 1.6865609e-02
 1.6778337e-02
 1.6716474e-02
 1.6668557e-02
 1.6627297e-02
 1.6589764e-02
 1.6552895e-02
 1.6511251e-02
 1.6459999e-02
 1.6396337e-02
 1.6307245e-02
 1.6176906e-02
 1.6007841e-02
 1.5803824e-02
 1.5566019e-02
 1.5325121e-02
 1.5091267e-02
 1.4899976e-02
 1.4766978e-02
 1.4676247e-02
 1.4613746e-02
 1.4569403e-02
 1.4537804e-02
 1.4514112e-02
 1.4498006e-02
 1.4488418e-02
 1.4482092e-02
 1.4477755e-02
 1.4474478e-02
 1.4471557e-02
 1.4468750e-02
 1.4465601e-02
 1.4461774e-02
 1.4456185e-02
 1.4447039e-02
 1.4433573e-02
 1.4414560e-02
 1.4384004e-02
 1.4340882e-02
 1.4285880e-02
 1.4227092e-02
 1.4170243e-02
 1.4118534e-02
 1.4076720e-02
 1.4043718e-02
 1.4020011e-02
 1.4005240e-02
 1.3995486e-02
 1.3988716e-02
 1.3984411e-02
 1.3981554e-02
 1.3979627e-02
 1.3978138e-02
 1.3976853e-02
 1.3975655e-02
 1.3974337e-02
 1.3972777e-02
 1.3970697e-02
 1.3967655e-02
 1.3962734e-02
 1.3954587e-02
 1.3940293e-02
 1.3915793e-02
 1.3873555e-02
 1.3798545e-02
 1.3675623e-02
 1.3478691e-02
 1.3199726e-02
 1.2827236e-02
 1.2421446e-02
 1.2054139e-02
 1.1772827e-02
 1.1590884e-02
 1.1483910e-02
 1.1425783e-02
 1.1394713e-02
 1.1378060e-02
 1.1368960e-02
 1.1363643e-02
 1.1360603e-02
 1.1358840e-02
 1.1357609e-02
 1.1356255e-02
 1.1354654e-02
 1.1352288e-02
 1.1348661e-02
 1.1342324e-02
 1.1330412e-02
 1.1309718e-02
 1.1275291e-02
 1.1220866e-02
 1.1136380e-02
 1.1018974e-02
 1.0876651e-02
 1.0728885e-02
 1.0595405e-02
 1.0489365e-02
 1.0416539e-02
 1.0372592e-02
 1.0346354e-02
 1.0332315e-02
 1.0324426e-02
 1.0319526e-02
 1.0316562e-02
 1.0314494e-02
 1.0312867e-02
 1.0311431e-02
 1.0309913e-02
 1.0308033e-02
 1.0305268e-02
 1.0301032e-02
 1.0293307e-02
 1.0280019e-02
 1.0255167e-02
 1.0209820e-02
 1.0129366e-02
 1.0003038e-02
 9.7873169e-03
 9.4620131e-03
 9.0410273e-03
 8.6106615e-03
 8.2491231e-03
 7.9720849e-03
 7.7759843e-03
 7.6515478e-03
 7.5661510e-03
 7.5168704e-03
 7.4915371e-03
 7.4771750e-03
 7.4688761e-03
 7.4631206e-03
 7.4586180e-03
 7.4544945e-03
 7.4497397e-03
 7.4434296e-03
 7.4343782e-03
 7.4189986e-03
 7.3931227e-03
 7.3489658e-03
 7.2718216e-03
 7.1562777e-03
 6.9797079e-03
 6.7223089e-03
 6.4014690e-03
 6.0084263e-03
 5.6302611e-03
 5.3168937e-03
 5.1133140e-03
 4.9979772e-03
 4.9241551e-03
 4.8862270e-03
 4.8664437e-03
 4.8555920e-03
 4.8491674e-03
 4.8450052e-03
 4.8420402e-03
 4.8396752e-03
 4.8371804e-03
 4.8342915e-03
 4.8308014e-03
 4.8270571e-03
 4.8235229e-03
 4.8205798e-03
 4.8183053e-03
 4.8166357e-03
 4.8154787e-03
 4.8147288e-03
 4.8142200e-03
 4.8138416e-03
 4.8135158e-03
 4.8131223e-03
 4.8125650e-03
 4.8117482e-03
 4.8105096e-03
 4.8086381e-03
 4.8057071e-03
 4.8011654e-03
 4.7947526e-03
 4.7876424e-03
 4.7807692e-03
 4.7739169e-03
 4.7673670e-03
 4.7604287e-03
 4.7522317e-03
 4.7403869e-03
 4.7222196e-03
 4.6950028e-03
 4.6525429e-03
 4.5903037e-03
 4.5042075e-03
 4.4096107e-03
 4.3202639e-03
 4.2498008e-03
 4.1965313e-03
 4.1561674e-03
 4.1240447e-03
 4.0934283e-03
 4.0614845e-03
 4.0276718e-03
 3.9914618e-03
 3.9569095e-03
 3.9251351e-03
 3.9003335e-03
 3.8841557e-03
 3.8743676e-03
 3.8681507e-03
 3.8639047e-03
 3.8606003e-03
 3.8578911e-03
 3.8553966e-03
 3.8524151e-03
 3.8492316e-03
 3.8460317e-03
 3.8431184e-03
 3.8409451e-03
 3.8393165e-03
 3.8381009e-03
 3.8372194e-03
 3.8364411e-03
 3.8357680e-03
 3.8350723e-03
 3.8342641e-03
 3.8332674e-03
 3.8320259e-03
 3.8306046e-03
 3.8291474e-03
 3.8277785e-03
 3.8265717e-03
 3.8255559e-03
 3.8246311e-03
 3.8237286e-03
 3.8226329e-03
 3.8211293e-03
 3.8191214e-03
 3.8161911e-03
 3.8121008e-03
 3.8067984e-03
 3.8000629e-03
 3.7916255e-03
 3.7824654e-03
 3.7727605e-03
 3.7628297e-03
 3.7520767e-03
 3.7382180e-03
 3.7194235e-03
 3.6925933e-03
 3.6522318e-03
 3.5940171e-03
 3.5113757e-03
 3.4120410e-03
 3.3082464e-03
 3.2115151e-03
 3.1279547e-03
 3.0521153e-03
 2.9834259e-03
 2.9122482e-03
 2.8323631e-03
 2.7403199e-03
 2.6296648e-03
 2.5100143e-03
 2.3875917e-03
 2.2883435e-03
 2.2096110e-03
 2.1490400e-03
 2.1018892e-03
 2.0639691e-03
 2.0318229e-03
 2.0024369e-03
 1.9710810e-03
 1.9396829e-03
 1.9082196e-03
 1.8809817e-03
 1.8604667e-03
 1.8474578e-03
 1.8397098e-03
 1.8344633e-03
 1.8309383e-03
 1.8282079e-03
 1.8259110e-03
 1.8237205e-03
 1.8213842e-03
 1.8189553e-03
 1.8164881e-03
 1.8143856e-03
 1.8126319e-03
 1.8112968e-03
 1.8103996e-03
 1.8098154e-03
 1.8094042e-03
 1.8090802e-03
 1.8087954e-03
 1.8084947e-03
 1.8081739e-03
 1.8078312e-03
 1.8074795e-03
 1.8071224e-03
 1.8068359e-03
 1.8066235e-03
 1.8064562e-03
 1.8063202e-03
 1.8061934e-03
 1.8060502e-03
 1.8058874e-03
 1.8056638e-03
 1.8053522e-03
 1.8049477e-03
 1.8044502e-03
 1.8039778e-03
 1.8035306e-03
 1.8031178e-03
 1.8027254e-03
 1.8022822e-03
 1.8017004e-03
 1.8009157e-03
 1.7997000e-03
 1.7978319e-03
 1.7955523e-03
 1.7928188e-03
 1.7903394e-03
 1.7880925e-03
 1.7861540e-03
 1.7842320e-03
 1.7819744e-03
 1.7791848e-03
 1.7750864e-03
 1.7689103e-03
 1.7594427e-03
 1.7477113e-03
 1.7351632e-03
 1.7229543e-03
 1.7110373e-03
 1.6996140e-03
 1.6877050e-03
 1.6733025e-03
 1.6548798e-03
 1.6302491e-03
 1.5952603e-03
 1.5517869e-03
 1.4991273e-03
 1.4451447e-03
 1.3900012e-03
 1.3408317e-03
 1.2933096e-03
 1.2513631e-03
 1.2119221e-03
 1.1710693e-03
 1.1233527e-03
 1.0580130e-03
 9.7892351e-04
 8.9640694e-04
 8.2105453e-04
 7.5689982e-04
 7.0024342e-04
 6.5083102e-04
 6.0719194e-04
 5.6065573e-04
 5.0962443e-04
 4.5017153e-04
 3.8967746e-04
 3.3341726e-04
 2.8898544e-04
 2.5726724e-04
 2.3346559e-04
 2.1462377e-04
 1.9754443e-04
 1.7937073e-04
 1.5966719e-04
 1.3623180e-04
 1.0963291e-04
 8.3125061e-05
 6.1008891e-05
 4.5273087e-05
 3.5526349e-05
 3.0036782e-05
 2.6497352e-05
 2.3648759e-05
 2.1168639e-05
 1.8556176e-05
 1.5761440e-05
 1.2824586e-05
 1.0224741e-05
 8.3913318e-06
 7.2596912e-06
 6.5578035e-06
 6.1153382e-06
 5.7935432e-06
 5.5538032e-06
 5.3216722e-06
 5.0690906e-06
 4.7661745e-06
 4.4541392e-06
 4.1419084e-06
 3.8783758e-06
 3.6776404e-06
 3.5308633e-06
 3.3967682e-06
 3.2674019e-06
 3.1087758e-06
 2.9112327e-06
 2.6864673e-06
 2.4759100e-06
 2.2936345e-06
 2.1493356e-06
 2.0370165e-06
 1.9546318e-06
 1.8918928e-06
 1.8366580e-06
 1.7724906e-06
 1.6885526e-06
 1.5808903e-06
 1.4550431e-06
 1.3305225e-06
 1.2306689e-06
 1.1600506e-06
 1.1070729e-06
 1.0670812e-06
 1.0314921e-06
 9.9470205e-07
 9.4914342e-07
 8.9337573e-07
 8.3056765e-07
 7.6709740e-07
 7.0195574e-07
 6.4392205e-07
 5.9738088e-07
 5.5995957e-07
 5.2855921e-07
 4.9741529e-07
 4.6759673e-07
 4.3832109e-07
 4.0610304e-07
 3.7140520e-07
 3.3840562e-07
 3.0957625e-07
 2.8809699e-07
 2.7319656e-07
 2.6241721e-07
 2.5321658e-07
 2.4388234e-07
 2.3397222e-07
 2.2249022e-07
 2.0993406e-07
 1.9770238e-07
 1.8649292e-07
 1.7715853e-07
 1.6914545e-07
 1.6138560e-07
 1.5304855e-07
 1.4404068e-07
 1.3418322e-07
 1.2266499e-07
 1.1036163e-07
 9.9252699e-08
 9.0723115e-08
 8.3840080e-08
 7.7646358e-08
 7.1888548e-08
 6.6805918e-08
 6.2020273e-08
 5.6849921e-08
 5.1135141e-08
 4.5072797e-08
 4.0091896e-08
 3.5975365e-08
 3.3024136e-08
 3.1098343e-08
 2.9811930e-08
 2.8890301e-08
 2.7981657e-08
 2.6935222e-08
 2.5702021e-08
 2.4424585e-08
 2.3131900e-08
 2.1923305e-08
 2.0941995e-08
 2.0231300e-08
 1.9698397e-08
 1.9207410e-08
 1.8670939e-08
 1.7982209e-08
 1.7055458e-08
 1.5881202e-08
 1.4581831e-08
 1.3309899e-08
 1.2247123e-08
 1.1370435e-08
 1.0777351e-08
 1.0319932e-08
 9.9673453e-09
 9.6179264e-09
 9.2801138e-09
 8.9374946e-09
 8.4966307e-09
 8.0204126e-09
 7.5582231e-09
 7.1677754e-09
 6.8453750e-09
 6.5839250e-09
 6.3303043e-09
 6.0814400e-09
 5.8235400e-09
 5.5245009e-09
 5.1418588e-09
 4.7507458e-09
 4.4312928e-09
 4.1606228e-09
 3.9388714e-09
 3.7447736e-09
 3.5756498e-09
 3.4222015e-09
 3.2443408e-09
 3.0520299e-09
 2.8472026e-09
 2.6565459e-09
 2.5190451e-09
 2.4172780e-09
 2.3435614e-09
 2.2771695e-09
 2.2158291e-09
 2.1503255e-09
 2.0795673e-09
 2.0112582e-09
 1.9399946e-09
 1.8735621e-09
 1.8202551e-09
 1.7782082e-09
 1.7404246e-09
 1.7037210e-09
 1.6603879e-09
 1.6053261e-09
 1.5357317e-09
 1.4685724e-09
 1.4125520e-09
 1.3665134e-09
 1.3289295e-09
 1.2937817e-09
 1.2590010e-09
 1.2209344e-09
 1.1744972e-09
 1.1221470e-09
 1.0649150e-09
 1.0143367e-09
 9.7190341e-10
 9.3883021e-10
 9.1470061e-10
 8.9489638e-10
 8.7639041e-10
 8.5624321e-10
 8.3337730e-10
 8.0642349e-10
 7.7543616e-10
 7.4169188e-10
 7.1063058e-10
 6.8487529e-10
 6.6371303e-10
 6.4426906e-10
 6.2518558e-10
 6.0100444e-10
 5.7246369e-10
 5.3917497e-10
 5.0705031e-10
 4.7891782e-10
 4.5487029e-10
 4.3541385e-10
 4.1940966e-10
 4.0517436e-10
 3.9065430e-10
 3.7609969e-10
 3.6141839e-10
 3.4724545e-10
 3.3278610e-10
 3.1948025e-10
 3.0799319e-10
 2.9988038e-10
 2.9284506e-10
 2.8547108e-10
 2.7678685e-10
 2.6625785e-10
 2.5389213e-10
 2.4111538e-10
 2.3054465e-10
 2.2154855e-10
 2.1432424e-10
 2.0696649e-10
 1.9856417e-10
 1.8895390e-10
 1.7782028e-10
 1.6455839e-10
 1.5152533e-10
 1.3890345e-10
 1.2838247e-10
 1.2058912e-10
 1.1467698e-10
 1.1020039e-10
 1.0617706e-10
 1.0218514e-10
 9.8345399e-11
 9.4616851e-11
 9.1404238e-11
 8.8840276e-11
 8.6707176e-11
 8.4777652e-11
 8.2968915e-11
 8.1131429e-11
 7.9292777e-11
 7.7193977e-11
 7.4807356e-11
 7.2151956e-11
 6.9523298e-11
 6.7152532e-11
 6.5289058e-11
 6.3752178e-11
 6.2151318e-11
 6.0507437e-11
 5.8515694e-11
 5.6342461e-11
 5.3949240e-11
 5.1256755e-11
 4.8661484e-11
 4.6187844e-11
 4.4110458e-11
 4.2397099e-11
 4.0987523e-11
 3.9638530e-11
 3.8226264e-11
 3.6641890e-11
 3.4752744e-11
 3.2825139e-11
 3.1095526e-11
 2.9514906e-11
 2.8170526e-11
 2.6862983e-11
 2.5551187e-11
 2.4229807e-11
 2.2806149e-11
 2.1448496e-11
 2.0253706e-11
 1.9295877e-11
 1.8616313e-11
 1.8077914e-11
 1.7581700e-11
 1.7078338e-11
 1.6457672e-11
 1.5770096e-11
 1.5091539e-11
 1.4491832e-11
 1.3991873e-11
 1.3568015e-11
 1.3200786e-11
 1.2845958e-11
 1.2446983e-11
 1.1957244e-11
 1.1427120e-11
 1.0842879e-11
 1.0236370e-11
 9.6943960e-12
 9.2422549e-12
 8.8939374e-12
 8.6178796e-12
 8.3518943e-12
 8.0830494e-12
 7.7805874e-12
 7.4557081e-12
 7.0976551e-12
 6.7737489e-12
 6.4941965e-12
 6.2620634e-12
 6.0530515e-12
 5.8462336e-12
 5.6054680e-12
 5.3092250e-12
 4.9619098e-12
 4.5974042e-12
 4.1971042e-12
 3.8550309e-12
 3.5639065e-12
 3.3280320e-12
 3.1070896e-12
 2.9011765e-12
 2.6645764e-12
 2.3606810e-12
 1.9603898e-12
 1.5140104e-12
 1.0758426e-12
 7.0104353e-13
 4.1226435e-13
 1.8820026e-13
 0.0000000e+00
