Number of nodes 950 
     0 : -4.0000000e+00  8.5000000e-01 
     1 : -3.7500000e+00  8.5000000e-01 
     2 :  5.3500000e+00  1.5000000e+00 
     3 :  4.3500000e+00  6.0000000e+00 
     4 :  4.0000000e+00  6.0000000e+00 
     5 : -5.1797235e-01  5.0488479e+00 
     6 : -6.0000000e-01  5.5000000e+00 
     7 : -1.0000000e+00  5.5000000e+00 
     8 : -9.1907514e-01  5.0549133e+00 
     9 : -4.0000000e+00  1.5000000e+00 
    10 : -3.7500000e+00  9.8437500e-01 
    11 :  0.0000000e+00  0.0000000e+00 
    12 :  4.0000000e-01  0.0000000e+00 
    13 :  4.3660131e+00  4.3529412e+00 
    14 :  5.0000000e+00  1.5000000e+00 
    15 : -4.7619048e-02  2.6190476e-01 
    16 : -3.7500000e+00  1.1875000e+00 
    17 : -3.7500000e+00  1.4878788e+00 
    18 : -8.7289294e-01  4.8009112e+00 
    19 : -4.5716783e-01  4.7144231e+00 
    20 :  4.0646186e+00  5.7092161e+00 
    21 :  4.2763419e+00  4.7564612e+00 
    22 :  3.1871838e-01  4.4704890e-01 
    23 : -3.9171415e+00  8.5000000e-01 
    24 : -3.8338206e+00  8.5000000e-01 
    25 :  5.3270358e+00  1.6033388e+00 
    26 :  5.3038870e+00  1.7075083e+00 
    27 :  5.2805515e+00  1.8125184e+00 
    28 :  5.2570295e+00  1.9183674e+00 
    29 :  5.2333243e+00  2.0250408e+00 
    30 :  5.2094421e+00  2.1325107e+00 
    31 :  5.1853922e+00  2.2407349e+00 
    32 :  5.1611873e+00  2.3496571e+00 
    33 :  5.1368430e+00  2.4592066e+00 
    34 :  5.1123780e+00  2.5692992e+00 
    35 :  5.0878137e+00  2.6798384e+00 
    36 :  5.0631739e+00  2.7907172e+00 
    37 :  5.0384844e+00  2.9018202e+00 
    38 :  5.0137719e+00  3.0130262e+00 
    39 :  4.9890641e+00  3.1242116e+00 
    40 :  4.9643882e+00  3.2352530e+00 
    41 :  4.9397710e+00  3.3460306e+00 
    42 :  4.9152376e+00  3.4564310e+00 
    43 :  4.8908111e+00  3.5663499e+00 
    44 :  4.8665124e+00  3.6756941e+00 
    45 :  4.8423593e+00  3.7843830e+00 
    46 :  4.8183667e+00  3.8923498e+00 
    47 :  4.7945462e+00  3.9995420e+00 
    48 :  4.7709063e+00  4.1059215e+00 
    49 :  4.7474525e+00  4.2114639e+00 
    50 :  4.7241871e+00  4.3161583e+00 
    51 :  4.7011098e+00  4.4200060e+00 
    52 :  4.6782177e+00  4.5230202e+00 
    53 :  4.6555059e+00  4.6252235e+00 
    54 :  4.6329671e+00  4.7266483e+00 
    55 :  4.6105923e+00  4.8273345e+00 
    56 :  4.5883712e+00  4.9273295e+00 
    57 :  4.5662919e+00  5.0266866e+00 
    58 :  4.5443412e+00  5.1254645e+00 
    59 :  4.5225053e+00  5.2237263e+00 
    60 :  4.5007690e+00  5.3215394e+00 
    61 :  4.4791167e+00  5.4189747e+00 
    62 :  4.4575320e+00  5.5161062e+00 
    63 :  4.4359976e+00  5.6130110e+00 
    64 :  4.4144958e+00  5.7097689e+00 
    65 :  4.3930084e+00  5.8064624e+00 
    66 :  4.3715163e+00  5.9031768e+00 
    67 :  4.2630625e+00  6.0000000e+00 
    68 :  4.1757784e+00  6.0000000e+00 
    69 :  4.0881052e+00  6.0000000e+00 
    70 :  3.9006174e+00  5.9790773e+00 
    71 :  3.8005969e+00  5.9580204e+00 
    72 :  3.6998722e+00  5.9368152e+00 
    73 :  3.5983763e+00  5.9154476e+00 
    74 :  3.4960407e+00  5.8939033e+00 
    75 :  3.3927965e+00  5.8721677e+00 
    76 :  3.2885735e+00  5.8502260e+00 
    77 :  3.1833009e+00  5.8280634e+00 
    78 :  3.0769072e+00  5.8056647e+00 
    79 :  2.9693202e+00  5.7830148e+00 
    80 :  2.8604679e+00  5.7600985e+00 
    81 :  2.7502784e+00  5.7369007e+00 
    82 :  2.6386804e+00  5.7134064e+00 
    83 :  2.5256037e+00  5.6896008e+00 
    84 :  2.4109809e+00  5.6654697e+00 
    85 :  2.2947470e+00  5.6409994e+00 
    86 :  2.1768410e+00  5.6161771e+00 
    87 :  2.0572079e+00  5.5909911e+00 
    88 :  1.9357991e+00  5.5654314e+00 
    89 :  1.8125749e+00  5.5394895e+00 
    90 :  1.6875060e+00  5.5131591e+00 
    91 :  1.5605758e+00  5.4864370e+00 
    92 :  1.4317826e+00  5.4593227e+00 
    93 :  1.3011420e+00  5.4318194e+00 
    94 :  1.1686889e+00  5.4039345e+00 
    95 :  1.0344799e+00  5.3756800e+00 
    96 :  8.9859490e-01  5.3470726e+00 
    97 :  7.6113862e-01  5.3181344e+00 
    98 :  6.2224108e-01  5.2888929e+00 
    99 :  4.8205744e-01  5.2593805e+00 
   100 :  3.4076679e-01  5.2296351e+00 
   101 :  1.9856986e-01  5.1996989e+00 
   102 :  5.5685615e-02  5.1696180e+00 
   103 : -8.7653118e-02  5.1394414e+00 
   104 : -2.3120484e-01  5.1092200e+00 
   105 : -3.7472509e-01  5.0790052e+00 
   106 : -5.3876932e-01  5.1632313e+00 
   107 : -5.5935353e-01  5.2764444e+00 
   108 : -5.7975395e-01  5.3886467e+00 
   109 : -7.3444064e-01  5.5000000e+00 
   110 : -8.6782259e-01  5.5000000e+00 
   111 : -9.8003376e-01  5.3901857e+00 
   112 : -9.5990959e-01  5.2795028e+00 
   113 : -9.3959934e-01  5.1677964e+00 
   114 : -1.0108551e+00  4.9490133e+00 
   115 : -1.1028953e+00  4.8428131e+00 
   116 : -1.1951997e+00  4.7363080e+00 
   117 : -1.2877609e+00  4.6295066e+00 
   118 : -1.3805590e+00  4.5224319e+00 
   119 : -1.4735613e+00  4.4151216e+00 
   120 : -1.5667222e+00  4.3076282e+00 
   121 : -1.6599833e+00  4.2000193e+00 
   122 : -1.7532739e+00  4.0923763e+00 
   123 : -1.8465121e+00  3.9847937e+00 
   124 : -1.9396067e+00  3.8773769e+00 
   125 : -2.0324586e+00  3.7702401e+00 
   126 : -2.1249636e+00  3.6635036e+00 
   127 : -2.2170148e+00  3.5572906e+00 
   128 : -2.3085058e+00  3.4517241e+00 
   129 : -2.3993329e+00  3.3469236e+00 
   130 : -2.4893980e+00  3.2430023e+00 
   131 : -2.5786110e+00  3.1400643e+00 
   132 : -2.6668913e+00  3.0382023e+00 
   133 : -2.7541696e+00  2.9374966e+00 
   134 : -2.8403884e+00  2.8380133e+00 
   135 : -2.9255025e+00  2.7398048e+00 
   136 : -3.0094790e+00  2.6429089e+00 
   137 : -3.0922965e+00  2.5473502e+00 
   138 : -3.1739451e+00  2.4531402e+00 
   139 : -3.2544247e+00  2.3602792e+00 
   140 : -3.3337442e+00  2.2687566e+00 
   141 : -3.4119207e+00  2.1785531e+00 
   142 : -3.4889777e+00  2.0896411e+00 
   143 : -3.5649449e+00  2.0019867e+00 
   144 : -3.6398562e+00  1.9155506e+00 
   145 : -3.7137500e+00  1.8302884e+00 
   146 : -3.7866671e+00  1.7461533e+00 
   147 : -3.8586509e+00  1.6630951e+00 
   148 : -3.9297464e+00  1.5810618e+00 
   149 : -4.0000000e+00  1.4050920e+00 
   150 : -4.0000000e+00  1.3109267e+00 
   151 : -4.0000000e+00  1.2174739e+00 
   152 : -4.0000000e+00  1.1246976e+00 
   153 : -4.0000000e+00  1.0325570e+00 
   154 : -4.0000000e+00  9.4100729e-01 
   155 : -3.7500000e+00  9.1704113e-01 
   156 : -3.6463977e+00  9.5717940e-01 
   157 : -3.5421031e+00  9.2980206e-01 
   158 : -3.4370492e+00  9.0222540e-01 
   159 : -3.3311690e+00  8.7443186e-01 
   160 : -3.2243958e+00  8.4640390e-01 
   161 : -3.1166633e+00  8.1812412e-01 
   162 : -3.0079057e+00  7.8957525e-01 
   163 : -2.8980583e+00  7.6074030e-01 
   164 : -2.7870575e+00  7.3160260e-01 
   165 : -2.6748418e+00  7.0214597e-01 
   166 : -2.5613521e+00  6.7235491e-01 
   167 : -2.4465321e+00  6.4221469e-01 
   168 : -2.3303306e+00  6.1171179e-01 
   169 : -2.2127002e+00  5.8083380e-01 
   170 : -2.0936003e+00  5.4957007e-01 
   171 : -1.9729975e+00  5.1791185e-01 
   172 : -1.8508675e+00  4.8585271e-01 
   173 : -1.7271958e+00  4.5338891e-01 
   174 : -1.6019804e+00  4.2051985e-01 
   175 : -1.4752321e+00  3.8724843e-01 
   176 : -1.3469773e+00  3.5358154e-01 
   177 : -1.2172585e+00  3.1953035e-01 
   178 : -1.0861362e+00  2.8511074e-01 
   179 : -9.5368934e-01  2.5034345e-01 
   180 : -8.2001629e-01  2.1525428e-01 
   181 : -6.8523440e-01  1.7987403e-01 
   182 : -5.4947955e-01  1.4423838e-01 
   183 : -4.1290476e-01  1.0838750e-01 
   184 : -2.7567812e-01  7.2365506e-02 
   185 : -1.3798006e-01  3.6219767e-02 
   186 :  1.3359839e-01  0.0000000e+00 
   187 :  2.6699695e-01  0.0000000e+00 
   188 :  4.9500969e-01  1.0427893e-01 
   189 :  5.8962301e-01  2.0812282e-01 
   190 :  6.8391232e-01  3.1161108e-01 
   191 :  7.7794440e-01  4.1481703e-01 
   192 :  8.7178013e-01  5.1780746e-01 
   193 :  9.6547409e-01  6.2064230e-01 
   194 :  1.0590742e+00  7.2337410e-01 
   195 :  1.1526212e+00  8.2604761e-01 
   196 :  1.2461482e+00  9.2869928e-01 
   197 :  1.3396806e+00  1.0313567e+00 
   198 :  1.4332348e+00  1.1340382e+00 
   199 :  1.5268188e+00  1.2367524e+00 
   200 :  1.6204311e+00  1.3394976e+00 
   201 :  1.7140610e+00  1.4422620e+00 
   202 :  1.8076880e+00  1.5450234e+00 
   203 :  1.9012825e+00  1.6477491e+00 
   204 :  1.9948057e+00  1.7503965e+00 
   205 :  2.0882104e+00  1.8529138e+00 
   206 :  2.1814416e+00  1.9552407e+00 
   207 :  2.2744377e+00  2.0573097e+00 
   208 :  2.3671319e+00  2.1590472e+00 
   209 :  2.4594536e+00  2.2603759e+00 
   210 :  2.5513298e+00  2.3612156e+00 
   211 :  2.6426872e+00  2.4614860e+00 
   212 :  2.7334538e+00  2.5611079e+00 
   213 :  2.8235604e+00  2.6600053e+00 
   214 :  2.9129421e+00  2.7581071e+00 
   215 :  3.0015397e+00  2.8553485e+00 
   216 :  3.0893008e+00  2.9516716e+00 
   217 :  3.1761804e+00  3.0470272e+00 
   218 :  3.2621413e+00  3.1413746e+00 
   219 :  3.3471547e+00  3.2346820e+00 
   220 :  3.4312000e+00  3.3269269e+00 
   221 :  3.5142644e+00  3.4180951e+00 
   222 :  3.5963427e+00  3.5081810e+00 
   223 :  3.6774368e+00  3.5971868e+00 
   224 :  3.7575552e+00  3.6851216e+00 
   225 :  3.8367121e+00  3.7720010e+00 
   226 :  3.9149268e+00  3.8578465e+00 
   227 :  3.9922233e+00  3.9426842e+00 
   228 :  4.0686295e+00  4.0265446e+00 
   229 :  4.1441765e+00  4.1094620e+00 
   230 :  4.2188983e+00  4.1914738e+00 
   231 :  4.2928311e+00  4.2726195e+00 
   232 :  4.3897022e+00  4.2463401e+00 
   233 :  4.4135764e+00  4.1389062e+00 
   234 :  4.4376334e+00  4.0306499e+00 
   235 :  4.4618676e+00  3.9215959e+00 
   236 :  4.4862703e+00  3.8117838e+00 
   237 :  4.5108292e+00  3.7012686e+00 
   238 :  4.5355288e+00  3.5901203e+00 
   239 :  4.5603503e+00  3.4784238e+00 
   240 :  4.5852716e+00  3.3662776e+00 
   241 :  4.6102685e+00  3.2537916e+00 
   242 :  4.6353144e+00  3.1410854e+00 
   243 :  4.6603811e+00  3.0282849e+00 
   244 :  4.6854401e+00  2.9155197e+00 
   245 :  4.7104624e+00  2.8029193e+00 
   246 :  4.7354200e+00  2.6906098e+00 
   247 :  4.7602864e+00  2.5787111e+00 
   248 :  4.7850370e+00  2.4673336e+00 
   249 :  4.8096498e+00  2.3565761e+00 
   250 :  4.8341058e+00  2.2465240e+00 
   251 :  4.8583892e+00  2.1372485e+00 
   252 :  4.8824877e+00  2.0288052e+00 
   253 :  4.9063922e+00  1.9212350e+00 
   254 :  4.9300969e+00  1.8145638e+00 
   255 :  4.9535992e+00  1.7088036e+00 
   256 :  4.9768992e+00  1.6039534e+00 
   257 :  5.0873732e+00  1.5000000e+00 
   258 :  5.1747997e+00  1.5000000e+00 
   259 :  5.2623263e+00  1.5000000e+00 
   260 : -1.8264588e-01  2.9566147e-01 
   261 : -3.1749459e-01  3.2937365e-01 
   262 : -4.5198272e-01  3.6299568e-01 
   263 : -5.8593522e-01  3.9648381e-01 
   264 : -7.1918774e-01  4.2979694e-01 
   265 : -8.5158927e-01  4.6289732e-01 
   266 : -9.8300431e-01  4.9575108e-01 
   267 : -1.1133143e+00  5.2832857e-01 
   268 : -1.2424184e+00  5.6060460e-01 
   269 : -1.3702339e+00  5.9255847e-01 
   270 : -1.4966956e+00  6.2417391e-01 
   271 : -1.6217557e+00  6.5543893e-01 
   272 : -1.7453821e+00  6.8634552e-01 
   273 : -1.8675574e+00  7.1688934e-01 
   274 : -1.9882776e+00  7.4706939e-01 
   275 : -2.1075506e+00  7.7688765e-01 
   276 : -2.2253947e+00  8.0634868e-01 
   277 : -2.3418371e+00  8.3545929e-01 
   278 : -2.4569126e+00  8.6422816e-01 
   279 : -2.5706629e+00  8.9266572e-01 
   280 : -2.6831344e+00  9.2078360e-01 
   281 : -2.7943781e+00  9.4859453e-01 
   282 : -2.9044487e+00  9.7611217e-01 
   283 : -3.0134034e+00  1.0033509e+00 
   284 : -3.1213019e+00  1.0303255e+00 
   285 : -3.2282051e+00  1.0570513e+00 
   286 : -3.3341755e+00  1.0835439e+00 
   287 : -3.4392762e+00  1.1098190e+00 
   288 : -3.5435710e+00  1.1358927e+00 
   289 : -3.6471241e+00  1.1617810e+00 
   290 : -3.7500000e+00  1.2868008e+00 
   291 : -3.7500000e+00  1.3869140e+00 
   292 : -3.6766532e+00  1.5723388e+00 
   293 : -3.6022995e+00  1.6579581e+00 
   294 : -3.5268820e+00  1.7448026e+00 
   295 : -3.4503445e+00  1.8329366e+00 
   296 : -3.3726337e+00  1.9224218e+00 
   297 : -3.2936982e+00  2.0133172e+00 
   298 : -3.2134910e+00  2.1056770e+00 
   299 : -3.1319703e+00  2.1995494e+00 
   300 : -3.0491007e+00  2.2949750e+00 
   301 : -2.9648553e+00  2.3919848e+00 
   302 : -2.8792169e+00  2.4905987e+00 
   303 : -2.7921801e+00  2.5908229e+00 
   304 : -2.7037531e+00  2.6926480e+00 
   305 : -2.6139590e+00  2.7960472e+00 
   306 : -2.5228377e+00  2.9009748e+00 
   307 : -2.4304466e+00  3.0073646e+00 
   308 : -2.3368609e+00  3.1151298e+00 
   309 : -2.2421738e+00  3.2241635e+00 
   310 : -2.1464947e+00  3.3343394e+00 
   311 : -2.0499476e+00  3.4455149e+00 
   312 : -1.9526681e+00  3.5575337e+00 
   313 : -1.8547997e+00  3.6702307e+00 
   314 : -1.7564897e+00  3.7834361e+00 
   315 : -1.6578851e+00  3.8969808e+00 
   316 : -1.5591275e+00  4.0107016e+00 
   317 : -1.4603501e+00  4.1244453e+00 
   318 : -1.3616734e+00  4.2380730e+00 
   319 : -1.2632031e+00  4.3514631e+00 
   320 : -1.1650280e+00  4.4645132e+00 
   321 : -1.0672190e+00  4.5771418e+00 
   322 : -9.6982893e-01  4.6892879e+00 
   323 : -8.4657184e-01  4.6561451e+00 
   324 : -8.1975816e-01  4.5086699e+00 
   325 : -7.9241577e-01  4.3582867e+00 
   326 : -7.6451774e-01  4.2048475e+00 
   327 : -7.3604956e-01  4.0482726e+00 
   328 : -7.0701300e-01  3.8885715e+00 
   329 : -6.7742975e-01  3.7258636e+00 
   330 : -6.4734465e-01  3.5603956e+00 
   331 : -6.1682741e-01  3.3925507e+00 
   332 : -5.8597200e-01  3.2228460e+00 
   333 : -5.5489317e-01  3.0519124e+00 
   334 : -5.2371984e-01  2.8804591e+00 
   335 : -4.9258619e-01  2.7092241e+00 
   336 : -4.6162181e-01  2.5389200e+00 
   337 : -4.3094266e-01  2.3701846e+00 
   338 : -4.0064428e-01  2.2035436e+00 
   339 : -3.7079797e-01  2.0393888e+00 
   340 : -3.4144998e-01  1.8779749e+00 
   341 : -3.1262302e-01  1.7194266e+00 
   342 : -2.8431930e-01  1.5637562e+00 
   343 : -2.5652418e-01  1.4108830e+00 
   344 : -2.2920982e-01  1.2606540e+00 
   345 : -2.0233854e-01  1.1128620e+00 
   346 : -1.7586546e-01  9.6726003e-01 
   347 : -1.4974062e-01  8.2357341e-01 
   348 : -1.2391053e-01  6.8150790e-01 
   349 : -9.8319151e-02  5.4075533e-01 
   350 : -7.2908534e-02  4.0099694e-01 
   351 : -3.1011207e-01  4.7467753e+00 
   352 : -1.6299414e-01  4.7791413e+00 
   353 : -1.6091021e-02  4.8114600e+00 
   354 :  1.3032270e-01  4.8436710e+00 
   355 :  2.7598190e-01  4.8757160e+00 
   356 :  4.2063741e-01  4.9075402e+00 
   357 :  5.6406144e-01  4.9390935e+00 
   358 :  7.0605172e-01  4.9703314e+00 
   359 :  8.4643431e-01  5.0012155e+00 
   360 :  9.8506494e-01  5.0317143e+00 
   361 :  1.1218291e+00  5.0618024e+00 
   362 :  1.2566412e+00  5.0914611e+00 
   363 :  1.3894425e+00  5.1206773e+00 
   364 :  1.5201990e+00  5.1494438e+00 
   365 :  1.6488989e+00  5.1777578e+00 
   366 :  1.7755493e+00  5.2056208e+00 
   367 :  1.9001736e+00  5.2330382e+00 
   368 :  2.0228089e+00  5.2600180e+00 
   369 :  2.1435035e+00  5.2865708e+00 
   370 :  2.2623145e+00  5.3127092e+00 
   371 :  2.3793059e+00  5.3384473e+00 
   372 :  2.4945467e+00  5.3638003e+00 
   373 :  2.6081106e+00  5.3887843e+00 
   374 :  2.7200726e+00  5.4134160e+00 
   375 :  2.8305097e+00  5.4377121e+00 
   376 :  2.9395001e+00  5.4616900e+00 
   377 :  3.0471217e+00  5.4853668e+00 
   378 :  3.1534521e+00  5.5087595e+00 
   379 :  3.2585684e+00  5.5318850e+00 
   380 :  3.3625463e+00  5.5547602e+00 
   381 :  3.4654606e+00  5.5774013e+00 
   382 :  3.5673846e+00  5.5998246e+00 
   383 :  3.6683903e+00  5.6220459e+00 
   384 :  3.7685482e+00  5.6440806e+00 
   385 :  3.8679273e+00  5.6659440e+00 
   386 :  3.9665953e+00  5.6876510e+00 
   387 :  4.0855096e+00  5.6152070e+00 
   388 :  4.1064225e+00  5.5210988e+00 
   389 :  4.1273738e+00  5.4268180e+00 
   390 :  4.1483792e+00  5.3322935e+00 
   391 :  4.1694539e+00  5.2374574e+00 
   392 :  4.1906122e+00  5.1422449e+00 
   393 :  4.2118679e+00  5.0465945e+00 
   394 :  4.2332337e+00  4.9504485e+00 
   395 :  4.2547214e+00  4.8537536e+00 
   396 :  4.2050459e+00  4.6788277e+00 
   397 :  4.1330343e+00  4.6004151e+00 
   398 :  4.0602551e+00  4.5211666e+00 
   399 :  3.9866561e+00  4.4410255e+00 
   400 :  3.9121853e+00  4.3599351e+00 
   401 :  3.8367910e+00  4.2778391e+00 
   402 :  3.7604225e+00  4.1946823e+00 
   403 :  3.6830301e+00  4.1104106e+00 
   404 :  3.6045661e+00  4.0249720e+00 
   405 :  3.5249853e+00  3.9383173e+00 
   406 :  3.4442457e+00  3.8504009e+00 
   407 :  3.3623096e+00  3.7611816e+00 
   408 :  3.2791444e+00  3.6706239e+00 
   409 :  3.1947242e+00  3.5786997e+00 
   410 :  3.1090304e+00  3.4853887e+00 
   411 :  3.0220535e+00  3.3906805e+00 
   412 :  2.9337943e+00  3.2945760e+00 
   413 :  2.8442648e+00  3.1970883e+00 
   414 :  2.7534896e+00  3.0982442e+00 
   415 :  2.6615067e+00  2.9980851e+00 
   416 :  2.5683681e+00  2.8966675e+00 
   417 :  2.4741395e+00  2.7940631e+00 
   418 :  2.3789003e+00  2.6903581e+00 
   419 :  2.2827422e+00  2.5856527e+00 
   420 :  2.1857679e+00  2.4800584e+00 
   421 :  2.0880887e+00  2.3736966e+00 
   422 :  1.9898219e+00  2.2666950e+00 
   423 :  1.8910879e+00  2.1591846e+00 
   424 :  1.7920070e+00  2.0512965e+00 
   425 :  1.6926959e+00  1.9431578e+00 
   426 :  1.5932655e+00  1.8348891e+00 
   427 :  1.4938174e+00  1.7266011e+00 
   428 :  1.3944424e+00  1.6183928e+00 
   429 :  1.2952187e+00  1.5103492e+00 
   430 :  1.1962106e+00  1.4025404e+00 
   431 :  1.0974684e+00  1.2950211e+00 
   432 :  9.9902816e-01  1.1878307e+00 
   433 :  9.0091202e-01  1.0809931e+00 
   434 :  8.0312892e-01  9.7451815e-01 
   435 :  7.0567548e-01  8.6840219e-01 
   436 :  6.0853704e-01  7.6262923e-01 
   437 :  5.1168874e-01  6.5717219e-01 
   438 :  4.1509655e-01  5.5199402e-01 
   439 :  2.9353868e-01  5.8553725e-01 
   440 :  2.6814274e-01  7.2521492e-01 
   441 :  2.4247386e-01  8.6639376e-01 
   442 :  2.1647683e-01  1.0093774e+00 
   443 :  1.9009861e-01  1.1544577e+00 
   444 :  1.6328941e-01  1.3019083e+00 
   445 :  1.3600441e-01  1.4519757e+00 
   446 :  1.0820594e-01  1.6048674e+00 
   447 :  7.9866396e-02  1.7607348e+00 
   448 :  5.0971766e-02  1.9196553e+00 
   449 :  2.1525581e-02  2.0816093e+00 
   450 : -8.4472268e-03  2.2464597e+00 
   451 : -3.8897110e-02  2.4139341e+00 
   452 : -6.9748375e-02  2.5836161e+00 
   453 : -1.0090019e-01  2.7549511e+00 
   454 : -1.3223085e-01  2.9272697e+00 
   455 : -1.6360518e-01  3.0998285e+00 
   456 : -1.9488424e-01  3.2718633e+00 
   457 : -2.2593576e-01  3.4426467e+00 
   458 : -2.5664330e-01  3.6115381e+00 
   459 : -2.8691284e-01  3.7780206e+00 
   460 : -3.1667605e-01  3.9417183e+00 
   461 : -3.4589052e-01  4.1023979e+00 
   462 : -3.7453757e-01  4.2599566e+00 
   463 : -4.0261882e-01  4.4144035e+00 
   464 : -4.3015212e-01  4.5658367e+00 
   465 :  4.3052278e+00  4.6564808e+00 
   466 :  4.5826412e+00  4.5589876e+00 
   467 :  4.2891183e+00  5.8405318e+00 
   468 :  4.1774232e+00  5.5862545e+00 
   469 :  4.2195423e+00  5.3989493e+00 
   470 :  4.2616956e+00  5.2109633e+00 
   471 :  2.0056206e-01  1.2893529e-01 
   472 :  4.3047215e+00  5.0176160e+00 
   473 : -6.6533268e-01  5.3134413e+00 
   474 :  4.3480357e+00  4.8236870e+00 
   475 : -6.2692301e-01  5.0881210e+00 
   476 : -6.0647549e-01  4.9740852e+00 
   477 : -3.9282911e+00  1.0791007e+00 
   478 :  5.1310864e+00  1.5756905e+00 
   479 :  4.1342953e+00  5.9264877e+00 
   480 :  4.6273306e+00  4.3502934e+00 
   481 :  3.9991126e+00  5.7794750e+00 
   482 :  4.6696208e+00  4.1388321e+00 
   483 :  5.0330451e+00  1.7819497e+00 
   484 :  4.1618632e+00  4.5008261e+00 
   485 :  4.7158222e+00  3.9258439e+00 
   486 :  4.9872092e+00  1.9956355e+00 
   487 :  4.0192360e+00  4.3363642e+00 
   488 :  4.7628380e+00  3.7097158e+00 
   489 :  4.9405225e+00  2.2128363e+00 
   490 :  4.8080806e+00  3.4902919e+00 
   491 :  3.8701633e+00  4.1705455e+00 
   492 :  4.8878087e+00  2.4322443e+00 
   493 :  4.8563067e+00  3.2693589e+00 
   494 :  4.9955088e+00  2.7147638e+00 
   495 :  3.8001125e+00  5.7382969e+00 
   496 :  4.9154800e+00  3.0470921e+00 
   497 :  3.7172848e+00  4.0002035e+00 
   498 :  3.5993525e+00  5.6953964e+00 
   499 :  3.3951913e+00  5.6518483e+00 
   500 :  3.5574566e+00  3.8272468e+00 
   501 :  4.5366161e+00  4.7604202e+00 
   502 :  4.4923612e+00  4.9578299e+00 
   503 :  3.1860913e+00  5.6108627e+00 
   504 :  4.4492438e+00  5.1557219e+00 
   505 :  4.4063344e+00  5.3515255e+00 
   506 :  4.3636512e+00  5.5460153e+00 
   507 :  2.9729292e+00  5.5661723e+00 
   508 :  3.3985727e+00  3.6444118e+00 
   509 : -3.8738403e+00  9.2097588e-01 
   510 :  5.8943541e-02  3.5337589e-01 
   511 :  1.6039129e-01  6.3347619e-01 
   512 :  2.7543879e+00  5.5205790e+00 
   513 :  3.2320865e+00  3.4583826e+00 
   514 :  4.7895795e+00  2.8797258e+00 
   515 : -7.3436134e-01  4.7513229e+00 
   516 :  1.0642937e-01  9.1551360e-01 
   517 :  2.5298445e+00  5.4739479e+00 
   518 :  3.1266727e+00  3.1578695e+00 
   519 : -8.3506467e-01  5.1416229e+00 
   520 : -8.1125351e-01  5.0164828e+00 
   521 :  2.9624209e+00  2.9791317e+00 
   522 :  5.0024441e-02  1.2051521e+00 
   523 :  2.2986871e+00  5.4261377e+00 
   524 :  4.4929766e+00  4.2126236e+00 
   525 :  2.6903731e+00  2.6907050e+00 
   526 : -6.8255103e-01  4.4765164e+00 
   527 :  7.3325192e-01  5.4998092e-01 
   528 :  4.4345038e-01  2.4401506e-01 
   529 : -3.9204453e+00  1.2674750e+00 
   530 : -3.9239840e+00  1.4636677e+00 
   531 :  4.5414866e+00  3.9967878e+00 
   532 :  2.0740495e+00  5.3776304e+00 
   533 :  9.2163832e-01  7.5615275e-01 
   534 :  2.5264168e+00  2.5018889e+00 
   535 : -2.4008202e-03  1.4902787e+00 
   536 :  1.1022784e+00  9.4291908e-01 
   537 : -6.1323822e-01  4.1494185e+00 
   538 :  1.8290968e+00  5.3238171e+00 
   539 : -3.9655851e-01  4.9564970e+00 
   540 :  2.3398574e+00  2.2971756e+00 
   541 :  4.5902818e+00  3.7782403e+00 
   542 :  1.2925504e+00  1.1511144e+00 
   543 :  5.2138248e+00  1.7389418e+00 
   544 :  2.1480864e+00  2.0869181e+00 
   545 :  1.4853600e+00  1.3623653e+00 
   546 : -5.7577528e-02  1.8012593e+00 
   547 :  1.5763636e+00  5.2682799e+00 
   548 :  3.8691777e+00  5.8960713e+00 
   549 :  1.6747057e+00  1.5732898e+00 
   550 :  1.9554741e+00  1.8797040e+00 
   551 :  4.6365967e+00  3.5583131e+00 
   552 :  5.1586865e+00  1.9422251e+00 
   553 :  4.1943854e+00  4.2990258e+00 
   554 : -5.4908488e-01  3.8245309e+00 
   555 :  3.6676050e+00  5.8407709e+00 
   556 :  1.2885923e+00  5.2200601e+00 
   557 :  1.7300911e+00  1.8064760e+00 
   558 :  5.1103735e+00  2.1570845e+00 
   559 :  4.6867010e+00  3.3357131e+00 
   560 : -1.1480173e-01  2.1240041e+00 
   561 :  4.0449675e+00  4.1368530e+00 
   562 :  3.4635918e+00  5.7985734e+00 
   563 :  5.0652123e+00  2.3709469e+00 
   564 :  1.0464957e+00  5.1569039e+00 
   565 :  4.7368482e+00  3.1118112e+00 
   566 : -4.9060886e-01  3.4928086e+00 
   567 : -1.3327875e-01  5.0001172e+00 
   568 :  7.2273862e-01  5.1888700e+00 
   569 :  3.2565015e+00  5.7579725e+00 
   570 :  3.8921143e+00  3.9697978e+00 
   571 :  1.5347760e-01  5.0639726e+00 
   572 :  4.4051471e-01  5.1295667e+00 
   573 : -1.8095886e-01  2.4562249e+00 
   574 : -4.3000850e-01  3.1529401e+00 
   575 : -8.7576533e-01  5.3634872e+00 
   576 :  3.0393288e+00  5.6992459e+00 
   577 : -3.6765922e-01  2.8098772e+00 
   578 :  3.7349132e+00  3.7988639e+00 
   579 :  4.0877532e+00  5.7975742e+00 
   580 :  4.1618607e+00  5.7362184e+00 
   581 :  4.0219969e+00  5.8597931e+00 
   582 :  2.7022227e+00  2.8672164e+00 
   583 :  2.8220485e+00  5.6514242e+00 
   584 :  3.5467583e+00  3.6396200e+00 
   585 :  5.5437870e-01  5.2102449e-01 
   586 :  3.3899125e+00  3.4434430e+00 
   587 :  2.6026235e+00  5.6042166e+00 
   588 : -3.7182056e+00  1.0944151e+00 
   589 : -3.8020365e+00  1.1169300e+00 
   590 : -1.3345677e-02  7.7893798e-01 
   591 :  2.9728574e+00  3.1688473e+00 
   592 : -5.6583736e-01  4.5946197e+00 
   593 :  7.5017228e-01  7.2937320e-01 
   594 :  2.3739090e+00  5.5532706e+00 
   595 :  4.8352718e+00  2.6594860e+00 
   596 :  2.5187582e+00  2.6593249e+00 
   597 : -6.3836376e-02  1.0628366e+00 
   598 : -2.5863185e-01  4.8859982e+00 
   599 : -5.1038193e-01  4.2925669e+00 
   600 :  2.1270911e+00  5.4992614e+00 
   601 :  4.1749012e+00  5.8359702e+00 
   602 :  9.4446884e-01  9.3978535e-01 
   603 : -1.1747340e-01  1.3724375e+00 
   604 :  1.8840878e+00  5.4475370e+00 
   605 : -4.7106115e-01  3.9984580e+00 
   606 :  2.3101548e+00  2.4441787e+00 
   607 : -3.8353310e+00  1.3250711e+00 
   608 :  1.6336092e+00  5.3942414e+00 
   609 :  2.9532441e-02  4.9518098e+00 
   610 : -1.7359741e-01  1.6790699e+00 
   611 : -3.6152498e+00  1.0747341e+00 
   612 :  8.4387285e-02  2.1554800e-01 
   613 :  2.1440212e-01  3.0490892e-01 
   614 :  1.6554369e-01  4.2747460e-01 
   615 :  3.1148128e-01  2.2144053e-01 
   616 :  1.1433762e+00  1.1702967e+00 
   617 :  1.3709862e+00  5.3408481e+00 
   618 :  3.1933655e-01  5.0090774e+00 
   619 : -4.1405214e-01  3.6738649e+00 
   620 :  1.1353051e+00  5.2745687e+00 
   621 :  6.0480744e-01  5.0714673e+00 
   622 : -2.3183797e-01  1.9971045e+00 
   623 : -3.9274951e+00  1.1710889e+00 
   624 :  2.1160246e+00  2.2285367e+00 
   625 : -3.5291151e-01  3.3373484e+00 
   626 :  5.2171738e+00  1.5839199e+00 
   627 : -2.9322532e-01  2.3259938e+00 
   628 :  3.9025847e+00  5.7542348e+00 
   629 :  4.2355018e+00  4.5786321e+00 
   630 :  4.3388043e+00  4.5588774e+00 
   631 :  4.4054455e+00  4.6353899e+00 
   632 :  4.4262526e+00  4.5306962e+00 
   633 :  4.2561915e+00  4.4816168e+00 
   634 :  2.8062551e+00  2.9824798e+00 
   635 :  1.3420119e+00  1.3841749e+00 
   636 :  4.4958568e-01  4.1040073e-01 
   637 :  3.3201913e+00  3.5526426e+00 
   638 :  3.3028299e+00  3.3429130e+00 
   639 :  3.1603109e+00  3.3658873e+00 
   640 :  4.5158627e+00  4.1046065e+00 
   641 : -2.9066777e-01  2.9948250e+00 
   642 :  4.5632613e+00  3.8878975e+00 
   643 :  4.4662427e+00  4.3183906e+00 
   644 :  4.4466499e+00  4.4258416e+00 
   645 :  4.5150307e+00  4.8588996e+00 
   646 :  3.4799825e+00  3.7364521e+00 
   647 :  3.4655275e+00  3.5405313e+00 
   648 :  4.4700465e+00  5.0567449e+00 
   649 :  4.6095532e+00  3.6694452e+00 
   650 :  5.0597413e+00  1.6623172e+00 
   651 :  4.4279983e+00  5.2539265e+00 
   652 :  4.3343762e+00  5.2813437e+00 
   653 :  1.2205166e-02  6.3939456e-01 
   654 :  8.9141930e-01  5.1348600e+00 
   655 :  2.7110382e+00  5.6260006e+00 
   656 :  2.9275182e+00  5.6723110e+00 
   657 :  3.0775086e+00  5.5980649e+00 
   658 :  4.3852255e+00  5.4489733e+00 
   659 :  4.2919696e+00  5.4740918e+00 
   660 :  3.6368330e+00  3.9145206e+00 
   661 :  3.1496240e+00  5.7108470e+00 
   662 :  4.6588317e+00  3.4484314e+00 
   663 :  3.7688238e+00  5.8715080e+00 
   664 :  3.3606348e+00  5.7795829e+00 
   665 : -2.3588915e-01  2.6491485e+00 
   666 :  3.5659966e+00  5.8211836e+00 
   667 :  4.5599483e+00  4.6639881e+00 
   668 :  4.1233539e+00  4.2198922e+00 
   669 :  3.7922201e+00  4.0869468e+00 
   670 : -6.4499891e-01  5.2019947e+00 
   671 : -7.4993388e-01  5.2289015e+00 
   672 : -3.8182177e+00  1.5667722e+00 
   673 :  4.7089231e+00  3.2255030e+00 
   674 :  3.9724889e+00  4.0549368e+00 
   675 :  3.8176052e+00  3.8856515e+00 
   676 :  2.6468154e+00  5.4988007e+00 
   677 : -3.8798976e-02  9.2113976e-01 
   678 :  4.8135990e+00  2.7731068e+00 
   679 :  4.8796194e+00  2.8571666e+00 
   680 :  4.7580663e+00  2.9959343e+00 
   681 :  3.6542168e+00  3.7148861e+00 
   682 :  3.9450077e+00  4.2541243e+00 
   683 :  4.8609432e+00  2.5436145e+00 
   684 :  4.9726990e+00  2.5188519e+00 
   685 :  4.9142690e+00  2.3224063e+00 
   686 :  4.9619316e+00  2.1037222e+00 
   687 :  2.8626272e+00  5.5483188e+00 
   688 :  5.0085035e+00  1.8883414e+00 
   689 :  4.3424035e+00  5.6429067e+00 
   690 :  4.3207304e+00  5.7383521e+00 
   691 :  4.2373962e+00  5.6707250e+00 
   692 :  5.1854666e+00  1.8342553e+00 
   693 :  1.3390759e-01  7.7373148e-01 
   694 :  3.2916631e+00  5.6325089e+00 
   695 :  5.1365545e+00  2.0462773e+00 
   696 :  4.0923468e+00  4.4178287e+00 
   697 :  3.4982569e+00  5.6732396e+00 
   698 :  5.0888129e+00  2.2621531e+00 
   699 :  3.7004753e+00  5.7165435e+00 
   700 :  4.6935966e+00  4.0331922e+00 
   701 :  4.6487889e+00  4.2447811e+00 
   702 :  4.7395622e+00  3.8184600e+00 
   703 :  4.7844400e+00  3.6003657e+00 
   704 :  4.6063457e+00  4.4548381e+00 
   705 :  4.3768993e+00  5.0860924e+00 
   706 : -7.6363723e-01  4.8932727e+00 
   707 :  4.8322288e+00  3.3802256e+00 
   708 :  4.3266187e+00  4.9206361e+00 
   709 :  4.8853074e+00  3.1592812e+00 
   710 : -3.5138741e+00  1.0330537e+00 
   711 : -3.4088028e+00  1.0104816e+00 
   712 :  6.1084309e-02  5.0498617e-01 
   713 : -3.3051704e+00  9.7938327e-01 
   714 :  2.0502938e+00  1.9823613e+00 
   715 :  4.2194204e+00  5.9241852e+00 
   716 :  1.5804276e+00  1.4691416e+00 
   717 : -3.9232650e+00  9.9080058e-01 
   718 : -3.8484640e+00  1.0327916e+00 
   719 : -3.1976140e+00  9.5224635e-01 
   720 : -3.8407922e+00  1.2138312e+00 
   721 : -3.0914596e+00  9.2482643e-01 
   722 :  8.0395974e-02  1.0574782e+00 
   723 :  3.0754675e+00  3.2712364e+00 
   724 : -2.9820593e+00  8.9719845e-01 
   725 :  2.4874289e+00  5.5788396e+00 
   726 : -6.4111268e-01  4.8501953e+00 
   727 : -2.8726832e+00  8.6927396e-01 
   728 : -2.7621630e+00  8.4106191e-01 
   729 :  4.2837610e+00  5.1150377e+00 
   730 : -2.6504429e+00  8.1254746e-01 
   731 :  4.3985176e+00  4.9883095e+00 
   732 :  4.3556624e+00  5.1838476e+00 
   733 :  4.3132494e+00  5.3779775e+00 
   734 :  4.2404821e+00  5.3053979e+00 
   735 :  4.1983898e+00  5.4956912e+00 
   736 :  2.4188952e+00  5.4487730e+00 
   737 :  4.4204582e+00  4.8909380e+00 
   738 :  4.2710405e+00  5.5740045e+00 
   739 : -2.5374704e+00  7.8371636e-01 
   740 :  3.0461843e+00  3.0687957e+00 
   741 : -2.4358822e-02  1.3107902e-01 
   742 :  4.4420185e+00  4.7947674e+00 
   743 :  4.2627811e+00  4.3742240e+00 
   744 : -2.4231970e+00  7.5455516e-01 
   745 : -9.2357862e-02  1.2158829e+00 
   746 : -3.7464573e+00  1.6486872e+00 
   747 : -2.3075791e+00  7.2505144e-01 
   748 : -3.8086719e+00  9.6308962e-01 
   749 : -2.1905787e+00  6.9519378e-01 
   750 :  2.2509486e+00  5.5287814e+00 
   751 :  2.8882007e+00  3.0785982e+00 
   752 : -2.0721656e+00  6.6497235e-01 
   753 : -7.1146530e-01  4.6084593e+00 
   754 : -3.6752617e+00  1.7329906e+00 
   755 : -1.9523176e+00  6.3437898e-01 
   756 :  1.7695163e+00  1.6755755e+00 
   757 : -1.5438736e-01  1.6729267e-01 
   758 : -1.8310222e+00  6.0340746e-01 
   759 :  2.4839905e-02  1.3440486e+00 
   760 :  1.6336020e+00  1.7029158e+00 
   761 :  2.1896967e+00  5.4021501e+00 
   762 : -1.7082785e+00  5.7205391e-01 
   763 :  4.3735890e+00  4.7284437e+00 
   764 : -3.9178214e+00  1.3682715e+00 
   765 : -3.6179638e+00  1.8246361e+00 
   766 : -1.5840980e+00  5.4031705e-01 
   767 : -2.8808756e-01  2.0257587e-01 
   768 :  2.8674596e+00  2.8724211e+00 
   769 : -8.5469444e-01  5.2548373e+00 
   770 : -1.4585066e+00  5.0819857e-01 
   771 : -5.4229269e-01  4.4411078e+00 
   772 :  1.8629952e+00  1.7768010e+00 
   773 :  5.0177419e+00  2.6194515e+00 
   774 : -4.2299952e-01  2.3743974e-01 
   775 :  1.5374645e+00  1.5978521e+00 
   776 : -1.3315457e+00  4.7570340e-01 
   777 :  2.0031748e+00  5.4702282e+00 
   778 : -5.5758079e-01  2.7209651e-01 
   779 :  2.7993116e+00  2.7696910e+00 
   780 : -3.5340693e+00  1.8995482e+00 
   781 : -1.2032730e+00  4.4284000e-01 
   782 : -6.9150115e-01  3.0653724e-01 
   783 : -1.0737641e+00  4.0962065e-01 
   784 : -9.4311243e-01  3.7606162e-01 
   785 : -8.2458654e-01  3.4072984e-01 
   786 : -1.4279704e-01  1.5296740e+00 
   787 : -3.8400909e+00  1.4220416e+00 
   788 : -7.2881500e-01  5.1154073e+00 
   789 :  1.8250264e+00  1.9111153e+00 
   790 :  1.4391542e+00  1.4903793e+00 
   791 : -7.7356588e-01  5.3333735e+00 
   792 :  2.5907723e+00  2.7815954e+00 
   793 :  5.6036034e-01  3.4891523e-01 
   794 : -3.4586806e+00  1.9866373e+00 
   795 :  1.9209242e+00  2.0156328e+00 
   796 :  1.9522319e+00  5.3520448e+00 
   797 :  6.6196954e-01  4.2926975e-01 
   798 :  6.3160574e-01  6.4403600e-01 
   799 : -6.5644175e-01  4.3117617e+00 
   800 :  4.9470826e+00  2.9338208e+00 
   801 :  1.3845547e+00  1.2572143e+00 
   802 : -5.2165543e-01  4.8825179e+00 
   803 :  2.0193731e+00  2.1232214e+00 
   804 :  2.6223378e+00  2.5749025e+00 
   805 : -3.3821741e+00  2.0749254e+00 
   806 :  8.4846335e-01  6.3479133e-01 
   807 :  8.2501677e-01  8.5364633e-01 
   808 :  1.2426954e+00  1.2767270e+00 
   809 :  1.0506725e+00  1.0622964e+00 
   810 :  1.0360162e+00  8.3765578e-01 
   811 :  2.4076198e+00  2.5436719e+00 
   812 :  1.1957844e+00  1.0477804e+00 
   813 :  1.7564428e+00  5.4171418e+00 
   814 : -2.8835894e-02  1.6492582e+00 
   815 : -8.9389387e-01  4.9247962e+00 
   816 : -3.3045069e+00  2.1644394e+00 
   817 :  2.2138626e+00  2.3337397e+00 
   818 :  2.4324720e+00  2.4014178e+00 
   819 :  2.2432334e+00  2.1937878e+00 
   820 :  3.4752757e-01  3.2556283e-01 
   821 : -3.2269333e+00  2.2514987e+00 
   822 :  1.7033268e+00  5.2978098e+00 
   823 : -4.6302188e-01  4.1605596e+00 
   824 :  3.5291673e-01  1.1644497e-01 
   825 : -3.1467194e+00  2.3435958e+00 
   826 :  4.3494488e+00  4.4540329e+00 
   827 : -1.9893421e-01  1.8424940e+00 
   828 : -7.0439506e-01  5.0119789e+00 
   829 : -2.4589558e+00  3.1267976e+00 
   830 :  3.9638094e+00  5.9254102e+00 
   831 :  3.2124295e+00  3.2523271e+00 
   832 : -3.0651773e+00  2.4371453e+00 
   833 :  1.5013254e+00  5.3626571e+00 
   834 : -3.8882514e-01  4.8372423e+00 
   835 : -2.9823417e+00  2.5319834e+00 
   836 :  4.2368014e+00  5.7643595e+00 
   837 : -2.5492311e+00  3.0230141e+00 
   838 :  5.1626617e+00  1.6619495e+00 
   839 : -2.8984748e+00  2.6270319e+00 
   840 : -6.1528936e-01  3.9818503e+00 
   841 : -2.6393330e+00  2.9172334e+00 
   842 :  4.5357312e+00  4.3870345e+00 
   843 : -2.8148681e+00  2.7159977e+00 
   844 : -2.7280778e+00  2.8137896e+00 
   845 :  4.5141860e+00  4.4943619e+00 
   846 :  1.4379598e+00  5.2354093e+00 
   847 :  4.4660228e+00  4.7011996e+00 
   848 :  4.5588322e+00  4.2814296e+00 
   849 : -8.5035780e-02  1.9664805e+00 
   850 : -2.3679776e+00  3.2320448e+00 
   851 :  4.5819515e+00  4.1752888e+00 
   852 : -3.6840079e+00  1.0237767e+00 
   853 : -3.7765168e+00  1.0456536e+00 
   854 :  1.2529429e+00  5.3342462e+00 
   855 :  4.6054131e+00  4.0687349e+00 
   856 : -4.0755741e-01  3.8433185e+00 
   857 :  4.2986235e+00  5.9335788e+00 
   858 :  3.9325517e+00  5.8373730e+00 
   859 : -2.2759952e+00  3.3386554e+00 
   860 : -6.8400130e-01  5.4136784e+00 
   861 : -2.5734844e-01  2.1667322e+00 
   862 :  1.1697727e+00  5.1609592e+00 
   863 :  4.6290751e+00  3.9614521e+00 
   864 :  5.1240560e+00  1.7548230e+00 
   865 :  9.7859796e-01  5.2599080e+00 
   866 : -5.5570406e-01  3.6554927e+00 
   867 : -2.1831746e+00  3.4462236e+00 
   868 :  8.9005015e-02  1.0274487e-01 
   869 : -5.9701437e-01  4.7349277e+00 
   870 :  5.0463591e+00  1.5657606e+00 
   871 : -1.4894645e-01  2.2888915e+00 
   872 :  8.5049788e-01  5.2497690e+00 
   873 : -9.8825095e-01  4.8226326e+00 
   874 :  4.6534744e+00  3.8542534e+00 
   875 :  4.4910101e+00  4.6006761e+00 
   876 : -3.4803031e-01  3.5116413e+00 
   877 : -2.0896313e+00  3.5545675e+00 
   878 :  7.5429028e-01  5.0733488e+00 
   879 :  5.0959253e+00  1.8597729e+00 
   880 :  4.1797217e+00  4.4087611e+00 
   881 : -3.2894259e-01  2.4973054e+00 
   882 : -1.0826889e+00  4.7152525e+00 
   883 :  4.0503881e+00  5.9301170e+00 
   884 :  4.6767166e+00  3.7450038e+00 
   885 :  5.7447186e-01  5.1876355e+00 
   886 : -4.9542937e-01  3.3269657e+00 
   887 : -2.7887981e-01  5.0061675e+00 
   888 : -1.9954780e+00  3.6635372e+00 
   889 :  5.0678482e+00  1.9603079e+00 
   890 : -1.1773835e+00  4.6066617e+00 
   891 : -3.7733979e-01  2.6408950e+00 
   892 :  4.1064826e+00  4.3291915e+00 
   893 :  4.7290127e-01  5.0117176e+00 
   894 : -2.8466392e-01  3.1666788e+00 
   895 :  4.6999317e+00  3.6356371e+00 
   896 :  2.8812746e-01  5.1269861e+00 
   897 : -1.2723357e+00  4.4975506e+00 
   898 :  5.0443637e+00  2.0683051e+00 
   899 : -2.2192666e-01  2.8219538e+00 
   900 : -1.9008302e+00  3.7729861e+00 
   901 :  1.8371548e-01  4.9480427e+00 
   902 : -1.0914123e-01  4.8843854e+00 
   903 : -4.3458007e-01  2.9852269e+00 
   904 :  4.1477648e+00  5.6592801e+00 
   905 :  2.5018822e-03  5.0667230e+00 
   906 : -1.3675057e+00  4.3880723e+00 
   907 : -1.8058044e+00  3.8827701e+00 
   908 :  3.8350521e+00  5.8142669e+00 
   909 :  4.7237509e+00  3.5256535e+00 
   910 :  4.0316301e+00  4.2482513e+00 
   911 :  5.0175682e+00  2.1729829e+00 
   912 : -1.4628351e+00  4.2783050e+00 
   913 : -1.7105158e+00  3.9927503e+00 
   914 : -1.5580766e+00  4.1998555e+00 
   915 : -1.6168879e+00  4.1033581e+00 
   916 :  4.9947163e+00  2.2834423e+00 
   917 :  3.9566787e+00  4.1659375e+00 
   918 :  4.7482042e+00  3.4151784e+00 
   919 : -3.9407646e+00  9.1171545e-01 
   920 :  4.9775792e+00  2.3973818e+00 
   921 :  3.7355180e+00  5.7903712e+00 
   922 :  4.7728564e+00  3.3043069e+00 
   923 :  3.8807025e+00  4.0824044e+00 
   924 :  3.6341484e+00  5.7680147e+00 
   925 :  4.9282301e+00  2.6298445e+00 
   926 :  5.0529423e+00  2.4631373e+00 
   927 :  4.8532755e+00  2.9671121e+00 
   928 :  4.9066645e+00  2.7488303e+00 
   929 :  4.8014939e+00  3.1964626e+00 
   930 :  4.8264348e+00  3.0822776e+00 
   931 :  4.9717556e+00  2.8245198e+00 
   932 :  3.5350843e+00  5.7444763e+00 
   933 :  3.4325447e+00  5.7230277e+00 
   934 :  3.8029429e+00  3.9963817e+00 
   935 : -3.8032665e+00  9.0022133e-01 
   936 : -7.9596712e-01  5.4225646e+00 
   937 :  3.7249337e+00  3.9124065e+00 
   938 :  4.0941219e+00  5.8690107e+00 
   939 :  3.3273775e+00  5.7034992e+00 
   940 :  2.0077554e-01  5.2936588e-01 
   941 : -3.8754419e+00  1.1239549e+00 
   942 : -3.8577961e+00  1.5024047e+00 
   943 :  3.2277294e+00  5.6760551e+00 
   944 :  5.2449166e+00  1.6591317e+00 
   945 :  3.6446810e+00  3.8242808e+00 
   946 : -3.5836424e+00  1.0012410e+00 
   947 : -6.8379414e-01  4.9275230e+00 
   948 : -3.8607032e+00  9.7675652e-01 
   949 :  3.5644027e+00  3.7407022e+00 
Number of edges 465 
     0 :      0     23 
     1 :     23     24 
     2 :     24      1 
     3 :      2     25 
     4 :     25     26 
     5 :     26     27 
     6 :     27     28 
     7 :     28     29 
     8 :     29     30 
     9 :     30     31 
    10 :     31     32 
    11 :     32     33 
    12 :     33     34 
    13 :     34     35 
    14 :     35     36 
    15 :     36     37 
    16 :     37     38 
    17 :     38     39 
    18 :     39     40 
    19 :     40     41 
    20 :     41     42 
    21 :     42     43 
    22 :     43     44 
    23 :     44     45 
    24 :     45     46 
    25 :     46     47 
    26 :     47     48 
    27 :     48     49 
    28 :     49     50 
    29 :     50     51 
    30 :     51     52 
    31 :     52     53 
    32 :     53     54 
    33 :     54     55 
    34 :     55     56 
    35 :     56     57 
    36 :     57     58 
    37 :     58     59 
    38 :     59     60 
    39 :     60     61 
    40 :     61     62 
    41 :     62     63 
    42 :     63     64 
    43 :     64     65 
    44 :     65     66 
    45 :     66      3 
    46 :      3     67 
    47 :     67     68 
    48 :     68     69 
    49 :     69      4 
    50 :      4     70 
    51 :     70     71 
    52 :     71     72 
    53 :     72     73 
    54 :     73     74 
    55 :     74     75 
    56 :     75     76 
    57 :     76     77 
    58 :     77     78 
    59 :     78     79 
    60 :     79     80 
    61 :     80     81 
    62 :     81     82 
    63 :     82     83 
    64 :     83     84 
    65 :     84     85 
    66 :     85     86 
    67 :     86     87 
    68 :     87     88 
    69 :     88     89 
    70 :     89     90 
    71 :     90     91 
    72 :     91     92 
    73 :     92     93 
    74 :     93     94 
    75 :     94     95 
    76 :     95     96 
    77 :     96     97 
    78 :     97     98 
    79 :     98     99 
    80 :     99    100 
    81 :    100    101 
    82 :    101    102 
    83 :    102    103 
    84 :    103    104 
    85 :    104    105 
    86 :    105      5 
    87 :      5    106 
    88 :    106    107 
    89 :    107    108 
    90 :    108      6 
    91 :      6    109 
    92 :    109    110 
    93 :    110      7 
    94 :      7    111 
    95 :    111    112 
    96 :    112    113 
    97 :    113      8 
    98 :      8    114 
    99 :    114    115 
   100 :    115    116 
   101 :    116    117 
   102 :    117    118 
   103 :    118    119 
   104 :    119    120 
   105 :    120    121 
   106 :    121    122 
   107 :    122    123 
   108 :    123    124 
   109 :    124    125 
   110 :    125    126 
   111 :    126    127 
   112 :    127    128 
   113 :    128    129 
   114 :    129    130 
   115 :    130    131 
   116 :    131    132 
   117 :    132    133 
   118 :    133    134 
   119 :    134    135 
   120 :    135    136 
   121 :    136    137 
   122 :    137    138 
   123 :    138    139 
   124 :    139    140 
   125 :    140    141 
   126 :    141    142 
   127 :    142    143 
   128 :    143    144 
   129 :    144    145 
   130 :    145    146 
   131 :    146    147 
   132 :    147    148 
   133 :    148      9 
   134 :      9    149 
   135 :    149    150 
   136 :    150    151 
   137 :    151    152 
   138 :    152    153 
   139 :    153    154 
   140 :    154      0 
   141 :      1    155 
   142 :    155     10 
   143 :     10    156 
   144 :    156    157 
   145 :    157    158 
   146 :    158    159 
   147 :    159    160 
   148 :    160    161 
   149 :    161    162 
   150 :    162    163 
   151 :    163    164 
   152 :    164    165 
   153 :    165    166 
   154 :    166    167 
   155 :    167    168 
   156 :    168    169 
   157 :    169    170 
   158 :    170    171 
   159 :    171    172 
   160 :    172    173 
   161 :    173    174 
   162 :    174    175 
   163 :    175    176 
   164 :    176    177 
   165 :    177    178 
   166 :    178    179 
   167 :    179    180 
   168 :    180    181 
   169 :    181    182 
   170 :    182    183 
   171 :    183    184 
   172 :    184    185 
   173 :    185     11 
   174 :     11    186 
   175 :    186    187 
   176 :    187     12 
   177 :     12    188 
   178 :    188    189 
   179 :    189    190 
   180 :    190    191 
   181 :    191    192 
   182 :    192    193 
   183 :    193    194 
   184 :    194    195 
   185 :    195    196 
   186 :    196    197 
   187 :    197    198 
   188 :    198    199 
   189 :    199    200 
   190 :    200    201 
   191 :    201    202 
   192 :    202    203 
   193 :    203    204 
   194 :    204    205 
   195 :    205    206 
   196 :    206    207 
   197 :    207    208 
   198 :    208    209 
   199 :    209    210 
   200 :    210    211 
   201 :    211    212 
   202 :    212    213 
   203 :    213    214 
   204 :    214    215 
   205 :    215    216 
   206 :    216    217 
   207 :    217    218 
   208 :    218    219 
   209 :    219    220 
   210 :    220    221 
   211 :    221    222 
   212 :    222    223 
   213 :    223    224 
   214 :    224    225 
   215 :    225    226 
   216 :    226    227 
   217 :    227    228 
   218 :    228    229 
   219 :    229    230 
   220 :    230    231 
   221 :    231     13 
   222 :     13    232 
   223 :    232    233 
   224 :    233    234 
   225 :    234    235 
   226 :    235    236 
   227 :    236    237 
   228 :    237    238 
   229 :    238    239 
   230 :    239    240 
   231 :    240    241 
   232 :    241    242 
   233 :    242    243 
   234 :    243    244 
   235 :    244    245 
   236 :    245    246 
   237 :    246    247 
   238 :    247    248 
   239 :    248    249 
   240 :    249    250 
   241 :    250    251 
   242 :    251    252 
   243 :    252    253 
   244 :    253    254 
   245 :    254    255 
   246 :    255    256 
   247 :    256     14 
   248 :     14    257 
   249 :    257    258 
   250 :    258    259 
   251 :    259      2 
   252 :     15    260 
   253 :    260    261 
   254 :    261    262 
   255 :    262    263 
   256 :    263    264 
   257 :    264    265 
   258 :    265    266 
   259 :    266    267 
   260 :    267    268 
   261 :    268    269 
   262 :    269    270 
   263 :    270    271 
   264 :    271    272 
   265 :    272    273 
   266 :    273    274 
   267 :    274    275 
   268 :    275    276 
   269 :    276    277 
   270 :    277    278 
   271 :    278    279 
   272 :    279    280 
   273 :    280    281 
   274 :    281    282 
   275 :    282    283 
   276 :    283    284 
   277 :    284    285 
   278 :    285    286 
   279 :    286    287 
   280 :    287    288 
   281 :    288    289 
   282 :    289     16 
   283 :     16    290 
   284 :    290    291 
   285 :    291     17 
   286 :     17    292 
   287 :    292    293 
   288 :    293    294 
   289 :    294    295 
   290 :    295    296 
   291 :    296    297 
   292 :    297    298 
   293 :    298    299 
   294 :    299    300 
   295 :    300    301 
   296 :    301    302 
   297 :    302    303 
   298 :    303    304 
   299 :    304    305 
   300 :    305    306 
   301 :    306    307 
   302 :    307    308 
   303 :    308    309 
   304 :    309    310 
   305 :    310    311 
   306 :    311    312 
   307 :    312    313 
   308 :    313    314 
   309 :    314    315 
   310 :    315    316 
   311 :    316    317 
   312 :    317    318 
   313 :    318    319 
   314 :    319    320 
   315 :    320    321 
   316 :    321    322 
   317 :    322     18 
   318 :     18    323 
   319 :    323    324 
   320 :    324    325 
   321 :    325    326 
   322 :    326    327 
   323 :    327    328 
   324 :    328    329 
   325 :    329    330 
   326 :    330    331 
   327 :    331    332 
   328 :    332    333 
   329 :    333    334 
   330 :    334    335 
   331 :    335    336 
   332 :    336    337 
   333 :    337    338 
   334 :    338    339 
   335 :    339    340 
   336 :    340    341 
   337 :    341    342 
   338 :    342    343 
   339 :    343    344 
   340 :    344    345 
   341 :    345    346 
   342 :    346    347 
   343 :    347    348 
   344 :    348    349 
   345 :    349    350 
   346 :    350     15 
   347 :     19    351 
   348 :    351    352 
   349 :    352    353 
   350 :    353    354 
   351 :    354    355 
   352 :    355    356 
   353 :    356    357 
   354 :    357    358 
   355 :    358    359 
   356 :    359    360 
   357 :    360    361 
   358 :    361    362 
   359 :    362    363 
   360 :    363    364 
   361 :    364    365 
   362 :    365    366 
   363 :    366    367 
   364 :    367    368 
   365 :    368    369 
   366 :    369    370 
   367 :    370    371 
   368 :    371    372 
   369 :    372    373 
   370 :    373    374 
   371 :    374    375 
   372 :    375    376 
   373 :    376    377 
   374 :    377    378 
   375 :    378    379 
   376 :    379    380 
   377 :    380    381 
   378 :    381    382 
   379 :    382    383 
   380 :    383    384 
   381 :    384    385 
   382 :    385    386 
   383 :    386     20 
   384 :     20    387 
   385 :    387    388 
   386 :    388    389 
   387 :    389    390 
   388 :    390    391 
   389 :    391    392 
   390 :    392    393 
   391 :    393    394 
   392 :    394    395 
   393 :    395     21 
   394 :     21    396 
   395 :    396    397 
   396 :    397    398 
   397 :    398    399 
   398 :    399    400 
   399 :    400    401 
   400 :    401    402 
   401 :    402    403 
   402 :    403    404 
   403 :    404    405 
   404 :    405    406 
   405 :    406    407 
   406 :    407    408 
   407 :    408    409 
   408 :    409    410 
   409 :    410    411 
   410 :    411    412 
   411 :    412    413 
   412 :    413    414 
   413 :    414    415 
   414 :    415    416 
   415 :    416    417 
   416 :    417    418 
   417 :    418    419 
   418 :    419    420 
   419 :    420    421 
   420 :    421    422 
   421 :    422    423 
   422 :    423    424 
   423 :    424    425 
   424 :    425    426 
   425 :    426    427 
   426 :    427    428 
   427 :    428    429 
   428 :    429    430 
   429 :    430    431 
   430 :    431    432 
   431 :    432    433 
   432 :    433    434 
   433 :    434    435 
   434 :    435    436 
   435 :    436    437 
   436 :    437    438 
   437 :    438     22 
   438 :     22    439 
   439 :    439    440 
   440 :    440    441 
   441 :    441    442 
   442 :    442    443 
   443 :    443    444 
   444 :    444    445 
   445 :    445    446 
   446 :    446    447 
   447 :    447    448 
   448 :    448    449 
   449 :    449    450 
   450 :    450    451 
   451 :    451    452 
   452 :    452    453 
   453 :    453    454 
   454 :    454    455 
   455 :    455    456 
   456 :    456    457 
   457 :    457    458 
   458 :    458    459 
   459 :    459    460 
   460 :    460    461 
   461 :    461    462 
   462 :    462    463 
   463 :    463    464 
   464 :    464     19 
Number of triangles 1437 
     0 :    159    719    713
     1 :    723    831    639
     2 :    292    672     17
     3 :    471    613    612
     4 :    158    713    711
     5 :    518    831    723
     6 :    471    615    613
     7 :    613    820     22
     8 :    160    719    159
     9 :    158    710    157
    10 :    158    711    710
    11 :    159    713    158
    12 :    161    724    721
    13 :    160    721    719
    14 :    576    656    507
    15 :    507    657    576
    16 :    162    724    161
    17 :    162    727    724
    18 :    161    721    160
    19 :    163    727    162
    20 :    163    728    727
    21 :    467    715    601
    22 :    584    646    508
    23 :    164    728    163
    24 :    164    730    728
    25 :    293    754    746
    26 :    293    746    292
    27 :    411    639    410
    28 :     22    614    613
    29 :     10    853    748
    30 :    165    730    164
    31 :    165    739    730
    32 :    294    754    293
    33 :    294    765    754
    34 :    503    661    657
    35 :    166    739    165
    36 :    166    744    739
    37 :    526    799    771
    38 :    528    824    188
    39 :    292    746    672
    40 :    167    744    166
    41 :    167    747    744
    42 :    111    575    110
    43 :    771    799    599
    44 :    533    810    602
    45 :    508    647    584
    46 :    168    747    167
    47 :    168    749    747
    48 :    512    687    583
    49 :    653    712    511
    50 :    294    780    765
    51 :    811    818    534
    52 :    712    940    511
    53 :    583    655    512
    54 :    656    687    507
    55 :    602    807    533
    56 :    607    720    290
    57 :    169    749    168
    58 :    169    752    749
    59 :    110      7    111
    60 :     13    826    743
    61 :    657    661    576
    62 :    606    818    811
    63 :    591    751    740
    64 :    295    780    294
    65 :    170    752    169
    66 :    586    637    513
    67 :    170    755    752
    68 :    740    751    521
    69 :    605    823    537
    70 :    511    693    653
    71 :    793    797    585
    72 :    583    687    656
    73 :    636    793    585
    74 :    753    869    515
    75 :    171    755    170
    76 :     25    259      2
    77 :    525    779    582
    78 :    556    854    620
    79 :    582    768    634
    80 :    171    758    755
    81 :    411    723    639
    82 :    529    720    607
    83 :    582    779    768
    84 :    537    840    605
    85 :    513    638    586
    86 :    653    693    590
    87 :    582    792    525
    88 :    295    794    780
    89 :    655    676    512
    90 :    620    862    556
    91 :    172    758    171
    92 :    743    826    633
    93 :    615    824    528
    94 :    560    871    861
    95 :    172    762    758
    96 :    833    846    547
    97 :    525    792    596
    98 :    587    676    655
    99 :      9    530    148
   100 :    517    676    587
   101 :    596    804    525
   102 :    750    761    523
   103 :    173    762    172
   104 :    861    871    627
   105 :    813    822    538
   106 :     34    773    684
   107 :    296    794    295
   108 :    590    693    516
   109 :    617    846    833
   110 :    777    796    532
   111 :    684    926     34
   112 :    173    766    762
   113 :    748    853    718
   114 :    593    798    527
   115 :    527    806    593
   116 :    546    849    827
   117 :    601    715    479
   118 :    600    761    750
   119 :    174    766    173
   120 :    608    822    813
   121 :    604    796    777
   122 :    594    736    725
   123 :    516    677    590
   124 :    585    797    527
   125 :    174    770    766
   126 :    527    798    585
   127 :    536    812    809
   128 :    587    725    517
   129 :    725    736    517
   130 :    518    723    591
   131 :    535    814    786
   132 :    809    812    616
   133 :    827    849    622
   134 :    175    770    174
   135 :    296    805    794
   136 :    522    759    745
   137 :    521    751    634
   138 :    607    787    764
   139 :    619    856    554
   140 :    516    722    677
   141 :    175    776    770
   142 :    592    869    753
   143 :    764    787    530
   144 :    476    802      5
   145 :    650    870    478
   146 :    591    740    518
   147 :    677    722    597
   148 :    786    814    610
   149 :      5    802    539
   150 :     19    834    802
   151 :    176    776    175
   152 :    615    820    613
   153 :    297    805    296
   154 :    554    866    619
   155 :    745    759    603
   156 :    654    872    568
   157 :    586    647    637
   158 :    802    869     19
   159 :    422    803    624
   160 :    176    781    776
   161 :    634    768    521
   162 :    592    753    526
   163 :    568    878    654
   164 :    177    781    176
   165 :    523    736    594
   166 :    494    928    925
   167 :    539    834    598
   168 :    925    928    595
   169 :    528    793    636
   170 :    817    819    540
   171 :    526    771    592
   172 :    410    639    513
   173 :    478    838    650
   174 :    177    783    781
   175 :    637    647    508
   176 :    624    819    817
   177 :     25    626    259
   178 :    297    816    805
   179 :    178    783    177
   180 :    577    891    665
   181 :    597    722    522
   182 :    530    942    148
   183 :    594    750    523
   184 :    636    820    528
   185 :    625    876    566
   186 :    665    899    577
   187 :    178    784    783
   188 :    533    807    593
   189 :    298    816    297
   190 :    566    886    625
   191 :    179    784    178
   192 :    522    745    597
   193 :    593    806    533
   194 :    467    857    715
   195 :    179    785    784
   196 :    596    811    534
   197 :    641    894    574
   198 :    624    803    544
   199 :    574    903    641
   200 :    180    785    179
   201 :    534    804    596
   202 :    782    785    180
   203 :    298    821    816
   204 :    575    936    110
   205 :    181    782    180
   206 :    914    915    317
   207 :    671    791    769
   208 :    635    790    429
   209 :    635    808    801
   210 :    479    938    601
   211 :    852    853     10
   212 :    801    808    542
   213 :    532    761    600
   214 :    299    821    298
   215 :    769    791    575
   216 :    259    626    258
   217 :     16    589    588
   218 :    778    782    181
   219 :    621    885    572
   220 :     16    588    289
   221 :    182    778    181
   222 :    519    788    671
   223 :    520    788    519
   224 :    671    769    519
   225 :    222    647    221
   226 :    598    887    539
   227 :    599    799    537
   228 :    572    893    621
   229 :    614    940    712
   230 :    600    777    532
   231 :    290    720     16
   232 :    317    915    316
   233 :    659    738    735
   234 :    183    774    182
   235 :    774    778    182
   236 :    537    823    599
   237 :    735    738    468
   238 :    603    759    535
   239 :    156    852     10
   240 :    536    809    602
   241 :    299    825    821
   242 :    188    824     12
   243 :    184    767    183
   244 :    468    738    691
   245 :    378    657    377
   246 :      5    539    105
   247 :    767    774    183
   248 :    912    914    317
   249 :    601    836    467
   250 :    535    786    603
   251 :    466    875    845
   252 :    300    825    299
   253 :    545    790    635
   254 :    520    828    788
   255 :    706    828    520
   256 :    602    810    536
   257 :    496    930    927
   258 :    318    912    317
   259 :    927    930    680
   260 :    538    796    604
   261 :    564    865    654
   262 :     11    741    185
   263 :    865    872    654
   264 :    571    901    618
   265 :    584    647    222
   266 :    567    887    598
   267 :    618    896    571
   268 :    604    813    538
   269 :    598    902    567
   270 :    733    734    652
   271 :    606    817    540
   272 :    520    815    706
   273 :    469    734    733
   274 :    316    915    913
   275 :    185    757    184
   276 :    469    733    659
   277 :    706    815     18
   278 :    316    913    315
   279 :    300    832    825
   280 :    221    647    586
   281 :    607    764    529
   282 :    258    626    478
   283 :    503    657    378
   284 :    301    832    300
   285 :     16    720    589
   286 :    845    875    632
   287 :    757    767    184
   288 :    153    477    152
   289 :    598    834    351
   290 :    540    818    606
   291 :    376    687    375
   292 :    611    710    288
   293 :    659    735    469
   294 :    605    840    554
   295 :    377    657    507
   296 :    665    881    573
   297 :    718    948    748
   298 :    610    814    546
   299 :    547    822    608
   300 :    542    808    616
   301 :     20    579    481
   302 :    220    638    219
   303 :    586    638    220
   304 :    665    891    881
   305 :    906    912    318
   306 :    319    906    318
   307 :    691    904    468
   308 :    554    856    605
   309 :    567    902    609
   310 :    579    581    481
   311 :    470    732    652
   312 :    705    732    729
   313 :    507    687    376
   314 :     20    481    386
   315 :    608    833    547
   316 :    151    623    529
   317 :    729    732    470
   318 :    352    598    351
   319 :    546    827    610
   320 :    477    623    152
   321 :    396    465     21
   322 :    609    905    567
   323 :    385    628    495
   324 :    301    835    832
   325 :    302    835    301
   326 :    408    637    508
   327 :    371    736    523
   328 :    415    634    414
   329 :    375    687    512
   330 :    406    646    500
   331 :    594    725     84
   332 :    717    718    477
   333 :    409    637    408
   334 :    255    650    483
   335 :    256    650    255
   336 :    643    644     13
   337 :    705    731    648
   338 :    580    904    691
   339 :    407    646    406
   340 :    404    660    497
   341 :     81    655    583
   342 :    582    634    415
   343 :    396    629    465
   344 :    629    630    465
   345 :    233    640    524
   346 :     79    656    576
   347 :    472    731    705
   348 :    405    660    404
   349 :    315    907    314
   350 :    235    642    531
   351 :    616    812    542
   352 :     77    661    569
   353 :    402    669    491
   354 :    502    645     56
   355 :     82    655     81
   356 :    623    720    529
   357 :    291    607    290
   358 :    423    803    422
   359 :    403    669    402
   360 :    629    633    630
   361 :    652    734    470
   362 :     75    664    562
   363 :     80    656     79
   364 :    553    668    230
   365 :    504    648     58
   366 :    133    844    841
   367 :    237    649    541
   368 :     71    663    548
   369 :    505    652    651
   370 :    522    722    443
   371 :    153    717    477
   372 :     15    612    510
   373 :     78    661     77
   374 :     73    666    555
   375 :    315    913    907
   376 :     20    580    579
   377 :    420    606    419
   378 :    473    670    107
   379 :    506    659    658
   380 :    422    624    421
   381 :    418    596    417
   382 :    505    651     60
   383 :    230    668    229
   384 :    234    640    233
   385 :    416    582    415
   386 :     76    664     75
   387 :    556    846    617
   388 :    426    557    425
   389 :    239    662    551
   390 :    506    658     62
   391 :    236    642    235
   392 :    107    670    106
   393 :    690    691    689
   394 :     74    666     73
   395 :     56    645     55
   396 :    609    901    571
   397 :    483    688    254
   398 :    486    686    252
   399 :    432    616    431
   400 :    531    640    234
   401 :    232    643     13
   402 :     72    663     71
   403 :    413    591    412
   404 :    513    637    409
   405 :    346    677    597
   406 :    524    643    232
   407 :    489    685    250
   408 :    254    688    253
   409 :    541    642    236
   410 :    397    629    396
   411 :    238    649    237
   412 :     55    645    501
   413 :    252    686    251
   414 :    467    690     65
   415 :     58    648     57
   416 :    434    602    433
   417 :    227    674    570
   418 :    461    605    460
   419 :    430    635    429
   420 :    463    599    462
   421 :    448    546    447
   422 :    438    636    585
   423 :    410    513    409
   424 :    492    683    248
   425 :    450    560    449
   426 :     57    648    502
   427 :    250    685    249
   428 :    241    673    559
   429 :    373    676    517
   430 :    551    649    238
   431 :    459    619    458
   432 :    446    535    445
   433 :     63    689    506
   434 :    508    646    407
   435 :    225    675    578
   436 :    595    678    246
   437 :    408    508    407
   438 :    692    864    543
   439 :    358    621    357
   440 :    361    564    360
   441 :    860    936    791
   442 :     22    636    438
   443 :     59    651    504
   444 :    492    684    683
   445 :    327    537    326
   446 :    436    593    435
   447 :    452    665    573
   448 :    484    629    397
   449 :     60    651     59
   450 :    363    556    362
   451 :    356    618    355
   452 :    248    683    247
   453 :    233    524    232
   454 :    154    717    153
   455 :    473    671    670
   456 :    741    757    185
   457 :    514    680    244
   458 :    365    547    364
   459 :    325    526    324
   460 :    240    662    239
   461 :    354    609    353
   462 :    329    554    328
   463 :    452    573    451
   464 :    235    531    234
   465 :    504    705    648
   466 :     15    510    350
   467 :    406    500    405
   468 :    444    522    443
   469 :    367    538    366
   470 :    583    656     80
   471 :     61    658    505
   472 :    559    662    240
   473 :    342    610    341
   474 :     55    501     54
   475 :    587    655     82
   476 :    555    663     72
   477 :    576    661     78
   478 :     85    594     84
   479 :    612    613    510
   480 :    630    631    465
   481 :     83    587     82
   482 :     87    600     86
   483 :    569    664     76
   484 :    223    681    584
   485 :    340    622    339
   486 :    457    625    456
   487 :    500    660    405
   488 :    237    541    236
   489 :     81    583     80
   490 :    344    603    343
   491 :     57    502     56
   492 :    562    666     74
   493 :     89    604     88
   494 :    369    532    368
   495 :     79    576     78
   496 :    513    639    638
   497 :    591    723    412
   498 :    404    497    403
   499 :     71    548     70
   500 :    713    719    285
   501 :     59    504     58
   502 :     77    569     76
   503 :     91    608     90
   504 :    438    585    437
   505 :    246    678    245
   506 :     62    658     61
   507 :    371    523    370
   508 :    346    597    345
   509 :    239    551    238
   510 :     75    562     74
   511 :    106    670    475
   512 :    106    475      5
   513 :    453    665    452
   514 :    338    627    337
   515 :    231    553    230
   516 :     61    505     60
   517 :    348    653    590
   518 :    331    566    330
   519 :    720    941    589
   520 :     64    690    689
   521 :    229    561    228
   522 :    245    678    514
   523 :     93    617     92
   524 :    402    491    401
   525 :    373    517    372
   526 :     73    555     72
   527 :    229    668    561
   528 :    678    679    514
   529 :    497    669    403
   530 :    442    516    441
   531 :    227    570    226
   532 :    247    683    595
   533 :    634    751    414
   534 :    565    673    242
   535 :     63    506     62
   536 :    588    611    289
   537 :    108    473    107
   538 :    379    694    503
   539 :    348    590    347
   540 :    455    641    454
   541 :    249    685    492
   542 :    375    512    374
   543 :    241    559    240
   544 :     64    689     63
   545 :    225    578    224
   546 :    242    673    241
   547 :    400    487    399
   548 :     66    467     65
   549 :    251    686    489
   550 :    253    486    252
   551 :    251    489    250
   552 :     95    620     94
   553 :    349    653    348
   554 :    255    483    254
   555 :    243    680    565
   556 :    249    492    248
   557 :    253    688    486
   558 :    377    507    376
   559 :      8    519    113
   560 :    247    595    246
   561 :    245    514    244
   562 :    491    682    401
   563 :    223    584    222
   564 :    484    633    629
   565 :     27    543     26
   566 :    244    680    243
   567 :    381    697    499
   568 :    379    503    378
   569 :    243    565    242
   570 :     29    552     28
   571 :    401    682    400
   572 :     65    690     64
   573 :    400    682    487
   574 :     53    667    466
   575 :     27    692    543
   576 :    516    693    441
   577 :    381    499    380
   578 :    440    511    439
   579 :    580    601    579
   580 :    481    628    386
   581 :    221    586    220
   582 :     31    558     30
   583 :    552    692     28
   584 :     28    692     27
   585 :    383    699    498
   586 :    333    574    332
   587 :     29    695    552
   588 :    652    732    651
   589 :    383    498    382
   590 :    398    484    397
   591 :     30    695     29
   592 :     98    568     97
   593 :    441    693    440
   594 :    558    695     30
   595 :     33    563     32
   596 :     19    592    464
   597 :    152    623    151
   598 :    487    696    399
   599 :    692    879    864
   600 :    399    696    398
   601 :     32    698     31
   602 :    385    495    384
   603 :     31    698    558
   604 :    349    712    653
   605 :    440    693    511
   606 :    335    577    334
   607 :    148    672    147
   608 :    617    854    556
   609 :    189    528    188
   610 :    218    518    217
   611 :    563    698     32
   612 :    286    713    285
   613 :    510    712    350
   614 :    659    733    658
   615 :    386    628    385
   616 :    721    724    283
   617 :    691    738    689
   618 :    360    654    359
   619 :     36    494     35
   620 :    100    572     99
   621 :     49    482     48
   622 :    288    710    287
   623 :     24    509     23
   624 :     47    485     46
   625 :     51    480     50
   626 :    398    696    484
   627 :     45    488     44
   628 :    347    677    346
   629 :     43    490     42
   630 :     53    466     52
   631 :     21    474    395
   632 :    216    521    215
   633 :     41    493     40
   634 :    614    712    510
   635 :    228    674    227
   636 :    394    472    393
   637 :    506    738    659
   638 :     40    709     39
   639 :    505    733    652
   640 :     39    496     38
   641 :    226    675    225
   642 :    392    470    391
   643 :    287    711    286
   644 :    384    699    383
   645 :    395    708    394
   646 :     42    707     41
   647 :    382    697    381
   648 :    102    571    101
   649 :    380    694    379
   650 :    374    676    373
   651 :    224    681    223
   652 :    390    469    389
   653 :    571    905    609
   654 :     54    667     53
   655 :     47    700    485
   656 :     44    703     43
   657 :     49    701    482
   658 :     45    702    488
   659 :    584    949    646
   660 :    320    897    319
   661 :    501    667     54
   662 :     43    703    490
   663 :     46    702     45
   664 :    388    468    387
   665 :     48    700     47
   666 :    213    525    212
   667 :     51    704    480
   668 :     50    701     49
   669 :     41    707    493
   670 :     52    704     51
   671 :    443    722    442
   672 :    192    527    191
   673 :    284    721    283
   674 :    323    515     18
   675 :    104    567    103
   676 :     39    709    496
   677 :    564    654    360
   678 :    644    826     13
   679 :    285    719    284
   680 :    622    849    560
   681 :    493    709     40
   682 :    590    677    347
   683 :    350    712    349
   684 :    211    534    210
   685 :    474    708    395
   686 :    561    674    228
   687 :    746    754    146
   688 :    394    708    472
   689 :    194    533    193
   690 :    490    707     42
   691 :     84    725     83
   692 :    495    699    384
   693 :    570    675    226
   694 :    613    614    510
   695 :    504    732    705
   696 :    498    697    382
   697 :    564    862    620
   698 :    552    879    692
   699 :    187    471    186
   700 :    303    839    302
   701 :    710    711    287
   702 :    209    540    208
   703 :    488    703     44
   704 :    499    694    380
   705 :    196    536    195
   706 :    711    713    286
   707 :    578    681    224
   708 :    412    723    411
   709 :    588    853    852
   710 :    485    702     46
   711 :    474    742    737
   712 :    512    676    374
   713 :    149    530      9
   714 :    151    529    150
   715 :    429    790    428
   716 :    552    889    879
   717 :    198    542    197
   718 :    618    893    572
   719 :    482    700     48
   720 :    207    544    206
   721 :    619    866    566
   722 :    480    701     50
   723 :    466    704     52
   724 :    283    724    282
   725 :    206    714    205
   726 :    200    545    199
   727 :    672    942     17
   728 :    205    550    204
   729 :    302    839    835
   730 :    344    745    603
   731 :    201    716    200
   732 :    630    632    631
   733 :    413    751    591
   734 :    897    906    319
   735 :    202    549    201
   736 :     13    743    231
   737 :    372    736    371
   738 :    442    722    516
   739 :    597    745    345
   740 :     69    479     68
   741 :    724    727    282
   742 :    282    727    281
   743 :    600    750     86
   744 :    424    795    423
   745 :    705    729    472
   746 :    737    742    645
   747 :    719    721    284
   748 :    472    729    393
   749 :    392    729    470
   750 :    691    836    580
   751 :     85    750    594
   752 :    471    824    615
   753 :    648    731    502
   754 :     68    715     67
   755 :    291    787    607
   756 :    727    728    281
   757 :    470    734    391
   758 :    281    728    280
   759 :    535    759    445
   760 :    390    734    469
   761 :    621    878    568
   762 :    518    740    217
   763 :    566    876    619
   764 :    256    870    650
   765 :     83    725    587
   766 :    469    735    389
   767 :    526    753    324
   768 :    216    740    521
   769 :    841    844    305
   770 :    388    735    468
   771 :     17    942    787
   772 :    515    706     18
   773 :    800    931     37
   774 :    728    730    280
   775 :    718    941    477
   776 :     22    940    614
   777 :    369    761    532
   778 :    544    714    206
   779 :    596    792    417
   780 :    280    730    279
   781 :    560    861    622
   782 :    393    729    392
   783 :    444    759    522
   784 :    200    716    545
   785 :    463    771    599
   786 :    620    865    564
   787 :    205    714    550
   788 :    549    716    201
   789 :    314    900    313
   790 :    706    947    828
   791 :    523    761    370
   792 :    147    746    146
   793 :    391    734    390
   794 :    632    826    644
   795 :    651    732    504
   796 :    502    737    645
   797 :    658    733    505
   798 :    730    739    279
   799 :    416    792    582
   800 :    279    739    278
   801 :    572    896    618
   802 :    217    740    216
   803 :    323    753    515
   804 :    544    819    624
   805 :    389    735    388
   806 :    695    889    552
   807 :    689    738    506
   808 :    708    731    472
   809 :    606    811    419
   810 :    604    777     88
   811 :    671    788    670
   812 :    631    763    465
   813 :    592    771    464
   814 :    519    769    113
   815 :     15    741    612
   816 :      8    520    519
   817 :    624    817    421
   818 :    342    786    610
   819 :    739    744    278
   820 :    430    808    635
   821 :     87    777    600
   822 :    278    744    277
   823 :     35    773     34
   824 :    616    808    431
   825 :    432    809    616
   826 :    112    575    111
   827 :    418    811    596
   828 :    517    736    372
   829 :    645    742    501
   830 :    474    737    708
   831 :    434    807    602
   832 :    367    796    538
   833 :    420    817    606
   834 :    436    798    593
   835 :    345    745    344
   836 :    425    789    424
   837 :    589    941    718
   838 :    602    809    433
   839 :    231    743    553
   840 :    537    799    326
   841 :    558    898    695
   842 :    603    786    343
   843 :    479    715     68
   844 :    546    814    447
   845 :    568    885    621
   846 :    708    737    731
   847 :    558    911    898
   848 :    744    747    277
   849 :    593    807    435
   850 :    726    869    802
   851 :    314    907    900
   852 :    695    898    889
   853 :    277    747    276
   854 :    585    798    437
   855 :    838    864    650
   856 :    515    869    726
   857 :    428    775    427
   858 :    427    760    426
   859 :    532    796    368
   860 :    858    908    628
   861 :    521    768    215
   862 :    795    803    423
   863 :    321    890    320
   864 :    747    749    276
   865 :    608    813     90
   866 :    304    843    303
   867 :    461    823    605
   868 :    325    799    526
   869 :    276    749    275
   870 :    289    611    288
   871 :    446    814    535
   872 :    189    793    528
   873 :    612    868    471
   874 :    627    871    573
   875 :     86    750     85
   876 :    213    779    525
   877 :    365    822    547
   878 :    731    737    502
   879 :    548    830     70
   880 :    553    892    668
   881 :    672    746    147
   882 :     89    813    604
   883 :    202    756    549
   884 :    749    752    275
   885 :     38    800     37
   886 :    414    751    413
   887 :    275    752    274
   888 :    427    775    760
   889 :    149    764    530
   890 :    635    801    545
   891 :    260    757     15
   892 :    352    902    598
   893 :    529    764    150
   894 :    324    753    323
   895 :    340    827    622
   896 :    599    823    462
   897 :    303    843    839
   898 :    146    754    145
   899 :    538    822    366
   900 :    560    849    449
   901 :    475    476      5
   902 :    527    797    191
   903 :    752    755    274
   904 :    274    755    273
   905 :    554    840    328
   906 :    363    846    556
   907 :    109    860      6
   908 :    617    833     92
   909 :    550    772    204
   910 :    880    892    553
   911 :    625    886    574
   912 :    465    763     21
   913 :    192    806    527
   914 :    698    911    558
   915 :    445    759    444
   916 :    610    827    341
   917 :    467    836    690
   918 :    109    936    860
   919 :    211    804    534
   920 :    525    804    212
   921 :    459    856    619
   922 :    574    894    625
   923 :    533    806    193
   924 :    890    897    320
   925 :    789    795    424
   926 :    755    758    273
   927 :    679    931    800
   928 :    273    758    272
   929 :    370    761    369
   930 :    203    756    202
   931 :     91    833    608
   932 :    313    888    312
   933 :    361    862    564
   934 :    638    831    219
   935 :    573    881    627
   936 :    448    849    546
   937 :    194    810    533
   938 :    426    760    557
   939 :    218    831    518
   940 :    892    910    668
   941 :    547    846    364
   942 :    589    853    588
   943 :    601    938    579
   944 :    327    840    537
   945 :    668    910    561
   946 :    698    916    911
   947 :    536    810    195
   948 :    563    920    916
   949 :    198    801    542
   950 :    758    762    272
   951 :    272    762    271
   952 :    743    880    553
   953 :    196    812    536
   954 :    545    801    199
   955 :    563    916    698
   956 :    620    854     94
   957 :    145    765    144
   958 :    338    861    627
   959 :    150    764    149
   960 :    542    812    197
   961 :    515    726    706
   962 :    754    765    145
   963 :    573    871    451
   964 :    209    818    540
   965 :    534    818    210
   966 :      1    935     24
   967 :     15    757    741
   968 :    550    789    772
   969 :    605    856    460
   970 :    358    878    621
   971 :    566    866    330
   972 :    540    819    208
   973 :    271    766    270
   974 :    207    819    544
   975 :    428    790    775
   976 :    762    766    271
   977 :    134    844    133
   978 :    654    878    359
   979 :    528    820    615
   980 :    910    917    561
   981 :    556    862    362
   982 :    215    768    214
   983 :    112    769    575
   984 :    760    775    549
   985 :     10    748    155
   986 :     93    854    617
   987 :    457    876    625
   988 :    113    769    112
   989 :    114    815      8
   990 :    261    767    260
   991 :    356    893    618
   992 :    464    771    463
   993 :    577    899    641
   994 :    270    770    269
   995 :    622    861    339
   996 :      3    857     66
   997 :    501    847    667
   998 :    766    770    270
   999 :    450    871    560
  1000 :    322    882    321
  1001 :    354    901    609
  1002 :    187    824    471
  1003 :    258    478    257
  1004 :    595    928    678
  1005 :    756    760    549
  1006 :    503    943    661
  1007 :    842    848    480
  1008 :    329    866    554
  1009 :    204    772    203
  1010 :    568    872     97
  1011 :    269    776    268
  1012 :    630    826    632
  1013 :    262    774    261
  1014 :    144    780    143
  1015 :     88    777     87
  1016 :    770    776    269
  1017 :    619    876    458
  1018 :     21    763    474
  1019 :    609    902    353
  1020 :    561    917    674
  1021 :    815    873     18
  1022 :    765    780    144
  1023 :    621    893    357
  1024 :    639    831    638
  1025 :    641    903    577
  1026 :    618    901    355
  1027 :    214    779    213
  1028 :     95    865    620
  1029 :    674    923    570
  1030 :    268    781    267
  1031 :    203    772    756
  1032 :    684    925    683
  1033 :    455    894    641
  1034 :    261    774    767
  1035 :    263    778    262
  1036 :    574    886    332
  1037 :    494    773     35
  1038 :    768    779    214
  1039 :    776    781    268
  1040 :    313    900    888
  1041 :    641    899    454
  1042 :    267    783    266
  1043 :    917    923    674
  1044 :    264    782    263
  1045 :    667    875    466
  1046 :    335    891    577
  1047 :    266    784    265
  1048 :    625    894    456
  1049 :    265    785    264
  1050 :    343    786    342
  1051 :    627    881    337
  1052 :    679    927    514
  1053 :    453    899    665
  1054 :    781    783    267
  1055 :    262    778    774
  1056 :    572    885     99
  1057 :    331    886    566
  1058 :    104    887    567
  1059 :    186    868     11
  1060 :    783    784    266
  1061 :    539    887    105
  1062 :    492    920    684
  1063 :    263    782    778
  1064 :    623    941    720
  1065 :    557    789    425
  1066 :    387    904     20
  1067 :    548    908    858
  1068 :    784    785    265
  1069 :    264    785    782
  1070 :    439    940     22
  1071 :     17    787    291
  1072 :     98    885    568
  1073 :    143    794    142
  1074 :     20    904    580
  1075 :    333    903    574
  1076 :    920    926    684
  1077 :    923    934    570
  1078 :    631    847    763
  1079 :    577    903    334
  1080 :    670    788    475
  1081 :    484    880    633
  1082 :    312    877    311
  1083 :     34    926     33
  1084 :    780    794    143
  1085 :    571    896    101
  1086 :    368    796    367
  1087 :    549    775    716
  1088 :    644    845    632
  1089 :    260    767    757
  1090 :    100    896    572
  1091 :    417    792    416
  1092 :     36    931    494
  1093 :    474    763    742
  1094 :    643    848    842
  1095 :    190    793    189
  1096 :    567    905    103
  1097 :      0    919    154
  1098 :    102    905    571
  1099 :    882    890    321
  1100 :    473    791    671
  1101 :     70    830      4
  1102 :    326    799    325
  1103 :    142    805    141
  1104 :    633    880    743
  1105 :    191    797    190
  1106 :     18    873    322
  1107 :    557    760    756
  1108 :    190    797    793
  1109 :     67    857      3
  1110 :     11    868    741
  1111 :    756    772    557
  1112 :    794    805    142
  1113 :    716    790    545
  1114 :     14    870    256
  1115 :    212    804    211
  1116 :    306    841    305
  1117 :    550    795    789
  1118 :      6    860    108
  1119 :    199    801    198
  1120 :    437    798    436
  1121 :    447    814    446
  1122 :    193    806    192
  1123 :    481    858    628
  1124 :    714    795    550
  1125 :    775    790    716
  1126 :    675    937    578
  1127 :    496    800     38
  1128 :     90    813     89
  1129 :     69    883    479
  1130 :    435    807    434
  1131 :    141    816    140
  1132 :    195    810    194
  1133 :    431    808    430
  1134 :    494    931    928
  1135 :    419    811    418
  1136 :    197    812    196
  1137 :    772    789    557
  1138 :    311    867    310
  1139 :     23    919      0
  1140 :    433    809    432
  1141 :    805    816    141
  1142 :    726    802    476
  1143 :     66    857    467
  1144 :    937    945    578
  1145 :    773    925    684
  1146 :    210    818    209
  1147 :    611    946    710
  1148 :    570    934    675
  1149 :    312    888    877
  1150 :    208    819    207
  1151 :    544    803    714
  1152 :    633    826    630
  1153 :     22    820    636
  1154 :    704    842    480
  1155 :    421    817    420
  1156 :    140    821    139
  1157 :    366    822    365
  1158 :    788    828    475
  1159 :    934    937    675
  1160 :    462    823    461
  1161 :    714    803    795
  1162 :    816    821    140
  1163 :    154    919    717
  1164 :    718    853    589
  1165 :    581    858    481
  1166 :    548    858    830
  1167 :    873    882    322
  1168 :     26    944     25
  1169 :    139    825    138
  1170 :    763    847    742
  1171 :    307    837    306
  1172 :    310    859    309
  1173 :    800    927    679
  1174 :    341    827    340
  1175 :    821    825    139
  1176 :     12    824    187
  1177 :    148    942    672
  1178 :    847    875    667
  1179 :    138    832    137
  1180 :    524    848    643
  1181 :    131    829    130
  1182 :    717    919    509
  1183 :     92    833     91
  1184 :    219    831    218
  1185 :    825    832    138
  1186 :    137    835    136
  1187 :    681    949    584
  1188 :    309    850    308
  1189 :    351    834     19
  1190 :    690    836    691
  1191 :    680    930    565
  1192 :    640    851    524
  1193 :    311    877    867
  1194 :    132    837    131
  1195 :      8    815    520
  1196 :    136    839    135
  1197 :    328    840    327
  1198 :    643    842    644
  1199 :    133    841    132
  1200 :    578    945    681
  1201 :    832    835    137
  1202 :    673    922    559
  1203 :    135    843    134
  1204 :    565    929    673
  1205 :     25    944    626
  1206 :     24    935    509
  1207 :    364    846    363
  1208 :    308    829    307
  1209 :    305    844    304
  1210 :    883    938    479
  1211 :    494    925    773
  1212 :    945    949    681
  1213 :    449    849    448
  1214 :    626    838    478
  1215 :    837    841    306
  1216 :    662    909    551
  1217 :    835    839    136
  1218 :    131    837    829
  1219 :    642    863    531
  1220 :    580    836    601
  1221 :    649    884    541
  1222 :    559    918    662
  1223 :    839    843    135
  1224 :    130    850    129
  1225 :    132    841    837
  1226 :    155    935      1
  1227 :    701    851    482
  1228 :    565    930    929
  1229 :    531    855    640
  1230 :    829    850    130
  1231 :    551    895    649
  1232 :    541    874    642
  1233 :    673    929    922
  1234 :    310    867    859
  1235 :     94    854     93
  1236 :    466    845    704
  1237 :    588    852    611
  1238 :    480    848    701
  1239 :    460    856    459
  1240 :    524    851    848
  1241 :    851    855    482
  1242 :    848    851    701
  1243 :    473    860    791
  1244 :    108    860    473
  1245 :    339    861    338
  1246 :    475    828    476
  1247 :    559    922    918
  1248 :    662    918    909
  1249 :    362    862    361
  1250 :    640    855    851
  1251 :    650    864    483
  1252 :    129    859    128
  1253 :    309    859    850
  1254 :    649    895    884
  1255 :    829    837    307
  1256 :    482    855    700
  1257 :    509    935    748
  1258 :    642    874    863
  1259 :    850    859    129
  1260 :    551    909    895
  1261 :    330    866    329
  1262 :    114    873    815
  1263 :    742    847    501
  1264 :    715    857     67
  1265 :     96    865     95
  1266 :    700    863    485
  1267 :    541    884    874
  1268 :    531    863    855
  1269 :    451    871    450
  1270 :    308    850    829
  1271 :    855    863    700
  1272 :     96    872    865
  1273 :     97    872     96
  1274 :     19    869    592
  1275 :    663    921    908
  1276 :    663    908    548
  1277 :    628    908    495
  1278 :    128    867    127
  1279 :    110    936    109
  1280 :    496    927    800
  1281 :    863    874    485
  1282 :    864    879    483
  1283 :    859    867    128
  1284 :    458    876    457
  1285 :    483    879    688
  1286 :    115    873    114
  1287 :    879    889    688
  1288 :    359    878    358
  1289 :    478    870    257
  1290 :    337    881    336
  1291 :    471    868    186
  1292 :    666    924    555
  1293 :    664    933    562
  1294 :    842    845    644
  1295 :    127    877    126
  1296 :    661    943    569
  1297 :    696    880    484
  1298 :    257    870     14
  1299 :    852    946    611
  1300 :    704    845    842
  1301 :      4    883     69
  1302 :    579    938    581
  1303 :    485    874    702
  1304 :    881    891    336
  1305 :    116    882    115
  1306 :    156    946    852
  1307 :    332    886    331
  1308 :     99    885     98
  1309 :    632    875    631
  1310 :    702    884    488
  1311 :    555    921    663
  1312 :    357    893    356
  1313 :    336    891    335
  1314 :    867    877    127
  1315 :    802    834    539
  1316 :    898    911    686
  1317 :    486    898    686
  1318 :    543    864    838
  1319 :    105    887    104
  1320 :    908    921    495
  1321 :    696    892    880
  1322 :    562    932    666
  1323 :    487    892    696
  1324 :    126    888    125
  1325 :    688    889    486
  1326 :    874    884    702
  1327 :    115    882    873
  1328 :    117    890    116
  1329 :    569    939    664
  1330 :    456    894    455
  1331 :    830    858    581
  1332 :    666    932    924
  1333 :    487    910    892
  1334 :    664    939    933
  1335 :    355    901    354
  1336 :    454    899    453
  1337 :    884    895    488
  1338 :    101    896    100
  1339 :    353    902    352
  1340 :    741    868    612
  1341 :    889    898    486
  1342 :    476    947    726
  1343 :    334    903    333
  1344 :    916    920    685
  1345 :    477    941    623
  1346 :    877    888    126
  1347 :    125    900    124
  1348 :    118    897    117
  1349 :    489    916    685
  1350 :    509    948    717
  1351 :    669    934    923
  1352 :    555    924    921
  1353 :    103    905    102
  1354 :    682    910    487
  1355 :    116    890    882
  1356 :    669    923    491
  1357 :    562    933    932
  1358 :    660    945    937
  1359 :    468    904    387
  1360 :    686    911    489
  1361 :    488    895    703
  1362 :    569    943    939
  1363 :    631    875    847
  1364 :    119    906    118
  1365 :    646    949    500
  1366 :    124    907    123
  1367 :    491    917    682
  1368 :    703    909    490
  1369 :    682    917    910
  1370 :    717    948    718
  1371 :    660    937    497
  1372 :    563    926    920
  1373 :    911    916    489
  1374 :    514    927    680
  1375 :    888    900    125
  1376 :    120    912    119
  1377 :    117    897    890
  1378 :    543    944     26
  1379 :    123    913    122
  1380 :    491    923    917
  1381 :    895    909    703
  1382 :    121    914    120
  1383 :    909    918    490
  1384 :    122    915    121
  1385 :    699    924    498
  1386 :    685    920    492
  1387 :    683    925    595
  1388 :    678    928    679
  1389 :    118    906    897
  1390 :    900    907    124
  1391 :    924    932    498
  1392 :    697    933    499
  1393 :    490    918    707
  1394 :    694    943    503
  1395 :    843    844    134
  1396 :    707    922    493
  1397 :    509    919     23
  1398 :    119    912    906
  1399 :    157    946    156
  1400 :    907    913    123
  1401 :    495    921    699
  1402 :    933    939    499
  1403 :     33    926    563
  1404 :    918    922    707
  1405 :    922    929    493
  1406 :     37    931     36
  1407 :    921    924    699
  1408 :    120    914    912
  1409 :    913    915    122
  1410 :    493    929    709
  1411 :    121    915    914
  1412 :    497    934    669
  1413 :    511    940    439
  1414 :    709    930    496
  1415 :    929    930    709
  1416 :    304    844    843
  1417 :    830    883      4
  1418 :    500    945    660
  1419 :    498    932    697
  1420 :    932    933    697
  1421 :    726    947    706
  1422 :    710    946    157
  1423 :    497    937    934
  1424 :    500    949    945
  1425 :    939    943    694
  1426 :    499    939    694
  1427 :    581    938    883
  1428 :    581    883    830
  1429 :    928    931    679
  1430 :    748    935    155
  1431 :    787    942    530
  1432 :    791    936    575
  1433 :    748    948    509
  1434 :    838    944    543
  1435 :    626    944    838
  1436 :    828    947    476
Number of domains 23
  Domain :      0 
  Name : left
  Number of elements :      3
     0     1     2
  Domain :      1 
  Name : front
  Number of elements :     43
     3     4     5     6     7     8     9    10    11    12
    13    14    15    16    17    18    19    20    21    22
    23    24    25    26    27    28    29    30    31    32
    33    34    35    36    37    38    39    40    41    42
    43    44    45
  Domain :      2 
  Name : Entity 26 
  Number of elements :      4
    46    47    48    49
  Domain :      3 
  Name : Entity 27 
  Number of elements :     37
    50    51    52    53    54    55    56    57    58    59
    60    61    62    63    64    65    66    67    68    69
    70    71    72    73    74    75    76    77    78    79
    80    81    82    83    84    85    86
  Domain :      4 
  Name : Entity 28 
  Number of elements :      4
    87    88    89    90
  Domain :      5 
  Name : top
  Number of elements :      3
    91    92    93
  Domain :      6 
  Name : Entity 30 
  Number of elements :      4
    94    95    96    97
  Domain :      7 
  Name : Entity 31 
  Number of elements :     36
    98    99   100   101   102   103   104   105   106   107
   108   109   110   111   112   113   114   115   116   117
   118   119   120   121   122   123   124   125   126   127
   128   129   130   131   132   133
  Domain :      8 
  Name : Entity 32 
  Number of elements :      7
   134   135   136   137   138   139   140
  Domain :      9 
  Name : Entity 33 
  Number of elements :      2
   141   142
  Domain :     10 
  Name : Entity 34 
  Number of elements :     31
   143   144   145   146   147   148   149   150   151   152
   153   154   155   156   157   158   159   160   161   162
   163   164   165   166   167   168   169   170   171   172
   173
  Domain :     11 
  Name : middle
  Number of elements :      3
   174   175   176
  Domain :     12 
  Name : Entity 36 
  Number of elements :     45
   177   178   179   180   181   182   183   184   185   186
   187   188   189   190   191   192   193   194   195   196
   197   198   199   200   201   202   203   204   205   206
   207   208   209   210   211   212   213   214   215   216
   217   218   219   220   221
  Domain :     13 
  Name : Entity 37 
  Number of elements :     26
   222   223   224   225   226   227   228   229   230   231
   232   233   234   235   236   237   238   239   240   241
   242   243   244   245   246   247
  Domain :     14 
  Name : right
  Number of elements :      4
   248   249   250   251
  Domain :     15 
  Name : Entity 39 
  Number of elements :     31
   252   253   254   255   256   257   258   259   260   261
   262   263   264   265   266   267   268   269   270   271
   272   273   274   275   276   277   278   279   280   281
   282
  Domain :     16 
  Name : Entity 40 
  Number of elements :      3
   283   284   285
  Domain :     17 
  Name : Entity 41 
  Number of elements :     32
   286   287   288   289   290   291   292   293   294   295
   296   297   298   299   300   301   302   303   304   305
   306   307   308   309   310   311   312   313   314   315
   316   317
  Domain :     18 
  Name : Entity 42 
  Number of elements :     29
   318   319   320   321   322   323   324   325   326   327
   328   329   330   331   332   333   334   335   336   337
   338   339   340   341   342   343   344   345   346
  Domain :     19 
  Name : Entity 43 
  Number of elements :     37
   347   348   349   350   351   352   353   354   355   356
   357   358   359   360   361   362   363   364   365   366
   367   368   369   370   371   372   373   374   375   376
   377   378   379   380   381   382   383
  Domain :     20 
  Name : Entity 44 
  Number of elements :     10
   384   385   386   387   388   389   390   391   392   393
  Domain :     21 
  Name : Entity 45 
  Number of elements :     44
   394   395   396   397   398   399   400   401   402   403
   404   405   406   407   408   409   410   411   412   413
   414   415   416   417   418   419   420   421   422   423
   424   425   426   427   428   429   430   431   432   433
   434   435   436   437
  Domain :     22 
  Name : Entity 46 
  Number of elements :     27
   438   439   440   441   442   443   444   445   446   447
   448   449   450   451   452   453   454   455   456   457
   458   459   460   461   462   463   464
