Size 691 
 1.2213800e+06
 1.3549999e+06
 1.1215282e+06
 2.0134636e+05
 1.3943943e+06
 9.2020564e+05
 2.8442744e+05
 1.8572288e+05
 9.0984048e+05
 2.2716171e+05
 1.6231484e+06
 3.3397554e+05
 9.2082864e+04
 1.3865350e+06
 2.6571514e+06
 1.5672251e+06
 2.6722435e+06
 1.4285125e+06
 1.3819818e+06
 7.5459327e+05
 2.3635891e+06
 3.2764004e+06
 1.6431613e+06
 1.6908015e+06
 1.3592829e+06
 1.1707486e+06
 7.8151275e+05
 3.7936485e+05
 1.2744813e+05
 4.3035758e+05
 7.8342941e+05
 1.1373766e+06
 1.4897982e+06
 1.8410551e+06
 2.2024516e+06
 2.5627732e+06
 2.9258455e+06
 3.2820676e+06
 3.5016699e+06
 3.6126713e+06
 3.6268723e+06
 2.5411775e+06
 1.3156932e+06
 5.0934570e+05
 7.4728408e+05
 1.0064857e+06
 8.1852206e+05
 4.0432910e+05
 4.2595616e+04
 3.2256331e+05
 6.1578300e+05
 1.0897406e+06
 9.6500060e+05
 1.1095842e+06
 1.2245708e+06
 1.3335331e+06
 1.4334698e+06
 1.4723208e+06
 1.5120188e+06
 2.0665706e+06
 1.8641704e+06
 1.8696920e+06
 1.8343293e+06
 1.7778428e+06
 1.7037403e+06
 1.6156846e+06
 1.5060451e+06
 1.3803014e+06
 1.2348048e+06
 1.0800873e+06
 9.4235740e+05
 2.0542807e+05
 3.4390634e+05
 4.9356734e+05
 5.3100871e+05
 7.6722342e+05
 7.3553993e+05
 5.0921988e+05
 3.1554607e+05
 3.1582421e+05
 6.0808357e+05
 5.4247170e+05
 5.9058771e+05
 6.3372734e+05
 6.7258111e+05
 7.1025261e+05
 7.4800505e+05
 7.7879234e+05
 8.0713170e+05
 8.2842573e+05
 8.4550348e+05
 8.5853501e+05
 8.6688272e+05
 8.6892674e+05
 8.6431699e+05
 8.5471182e+05
 8.3860874e+05
 8.1650883e+05
 7.8772546e+05
 7.5354209e+05
 7.0965486e+05
 6.6635184e+05
 6.1588209e+05
 5.5937744e+05
 4.9738173e+05
 4.3121743e+05
 3.7401420e+05
 9.9705543e+05
 2.3420350e+06
 2.3122820e+06
 3.4688421e+05
 3.2553935e+05
 3.4945682e+05
 5.6054671e+05
 7.3193378e+05
 8.7411321e+05
 9.8951472e+05
 1.0739615e+06
 1.1332366e+06
 1.1631595e+06
 1.5736798e+06
 1.3543340e+06
 1.3355586e+06
 1.2903927e+06
 1.2283609e+06
 1.1494177e+06
 1.0530454e+06
 9.4227853e+05
 8.1901653e+05
 7.0122387e+05
 5.8903599e+05
 8.7628038e+04
 7.2435644e+04
 2.0201067e+05
 1.7189786e+05
 1.8983927e+05
 1.8308981e+05
 1.7556318e+05
 2.2696002e+05
 3.0381748e+05
 3.8667047e+05
 4.6849651e+05
 5.4687300e+05
 6.2070183e+05
 6.8963067e+05
 7.5328752e+05
 8.0993083e+05
 8.6537678e+05
 9.1235138e+05
 9.5419091e+05
 9.8843425e+05
 1.0194637e+06
 1.0416990e+06
 1.0726972e+06
 1.0554352e+06
 1.0930366e+06
 1.0883504e+06
 1.0460610e+06
 1.0714701e+06
 1.0296942e+06
 1.0104217e+06
 9.6679321e+05
 9.3380260e+05
 8.8526179e+05
 8.0975240e+05
 7.4680229e+05
 6.8281925e+05
 6.2832706e+05
 5.6506288e+05
 5.1829225e+05
 8.6588105e+05
 4.8127857e+05
 1.2612411e+05
 3.2615951e+05
 7.0388315e+05
 1.0860279e+06
 1.4712877e+06
 1.8620896e+06
 2.2635701e+06
 2.6834020e+06
 3.1196960e+06
 3.5726662e+06
 4.0548055e+06
 4.5850822e+06
 6.4429700e+05
 7.6146529e+05
 6.0371795e+05
 4.8826333e+05
 3.9735188e+05
 3.2042306e+05
 2.5477004e+05
 2.0642820e+05
 1.7702324e+05
 1.6974571e+05
 1.7986242e+05
 2.8542962e+05
 3.5263060e+05
 4.0598337e+05
 4.7802603e+05
 5.7407660e+05
 6.9664379e+05
 8.5055884e+05
 1.0346647e+06
 1.2565653e+06
 1.6283446e+06
 1.9101848e+06
 2.5730511e+06
 1.5385468e+06
 1.4239521e+06
 1.3192476e+06
 1.2211729e+06
 1.1314439e+06
 1.0505123e+06
 9.8116579e+05
 9.1409694e+05
 8.5602829e+05
 8.0673039e+05
 7.6537693e+05
 7.3055387e+05
 7.0315436e+05
 6.8182277e+05
 6.6495636e+05
 6.5600743e+05
 6.5062675e+05
 6.5381288e+05
 6.5969785e+05
 6.7058988e+05
 6.8786270e+05
 7.0769875e+05
 7.3453629e+05
 7.6606420e+05
 8.0256516e+05
 8.4567330e+05
 8.9915641e+05
 9.9458637e+05
 1.1289617e+06
 5.1650811e+05
 3.9333149e+05
 4.0744804e+05
 4.5458344e+05
 4.6771758e+05
 3.8090138e+05
 4.1271595e+05
 4.1561309e+05
 3.3485734e+05
 3.3112036e+05
 3.0287705e+05
 2.8195288e+05
 2.4529979e+05
 2.1942588e+05
 1.7851779e+05
 1.4713804e+05
 1.0237644e+05
 6.5774758e+04
 1.3001569e+04
 3.3677074e+04
 7.9043667e+04
 1.3839905e+05
 1.9393187e+05
 2.5402009e+05
 3.1488598e+05
 3.7911539e+05
 4.4441199e+05
 5.1143703e+05
 5.8240512e+05
 6.6735805e+05
 7.8229574e+05
 9.2989653e+05
 4.2571340e+05
 2.9408247e+05
 1.6840602e+05
 5.9394729e+04
 5.4371213e+04
 1.3828791e+05
 2.1248182e+05
 2.7350767e+05
 3.0461164e+05
 3.1757916e+05
 3.1822520e+05
 3.0211357e+05
 1.1948640e+05
 2.4648352e+04
 5.0046500e+04
 1.2986574e+05
 1.9250091e+05
 2.9286318e+05
 4.2568700e+05
 5.7726376e+05
 7.5126274e+05
 9.4752267e+05
 1.2021223e+06
 1.4942049e+06
 1.7609605e+06
 2.0533090e+06
 2.5675664e+06
 3.8523174e+05
 1.0085631e+06
 1.9444076e+06
 2.9540098e+06
 1.9626718e+06
 1.0488345e+06
 7.9788985e+05
 7.0901355e+05
 6.2489505e+05
 5.0565777e+05
 4.1613569e+05
 3.6194100e+05
 2.5841975e+05
 2.4147330e+05
 1.4953263e+05
 1.5020796e+05
 6.7202456e+04
 7.2679658e+04
 5.5207507e+04
 6.1144047e+04
 3.1021793e+04
 1.9195457e+04
 4.9628746e+04
 5.4662382e+04
 7.1373886e+04
 8.1291283e+04
 1.0656034e+05
 1.3048231e+05
 1.6560472e+05
 2.0356386e+05
 2.5488180e+05
 3.1186925e+05
 3.7148122e+05
 4.3800996e+05
 5.0986738e+05
 5.8758358e+05
 6.7082905e+05
 7.6027614e+05
 8.5599889e+05
 9.6738363e+05
 1.1854958e+06
 3.5590467e+05
 1.7042330e+05
 2.0574593e+05
 2.5654514e+05
 3.0396947e+05
 3.5218154e+05
 3.9438769e+05
 4.3437088e+05
 4.7572879e+05
 5.1303761e+05
 5.4955103e+05
 5.8452710e+05
 6.2304841e+05
 6.6205678e+05
 6.8462422e+05
 6.9965814e+05
 7.2571104e+05
 7.3960473e+05
 7.6218316e+05
 7.6952618e+05
 7.8874681e+05
 7.8969773e+05
 8.0614047e+05
 8.1051914e+05
 8.1866418e+05
 7.7887504e+05
 8.0985368e+05
 8.1073374e+05
 7.5124937e+05
 7.4905619e+05
 9.0110715e+05
 6.4765403e+05
 2.7809292e+05
 1.2500720e+06
 1.2331832e+06
 1.2575721e+06
 1.2137779e+06
 1.2553019e+06
 3.0875292e+05
 1.7175171e+05
 1.1520923e+06
 4.2880502e+05
 2.6990001e+05
 5.7908152e+05
 1.0768968e+06
 7.4053452e+05
 1.7338563e+05
 6.7658138e+05
 9.6381150e+05
 8.9638037e+05
 7.3777040e+05
 1.1042786e+06
 1.1580130e+06
 1.1446785e+06
 5.8420201e+05
 6.2288373e+05
 6.0324144e+05
 6.4510511e+05
 5.8463448e+05
 7.0889343e+05
 5.8262889e+05
 8.0477829e+05
 8.2015305e+05
 1.3294954e+06
 8.8518364e+05
 9.6919150e+04
 1.1592314e+04
 9.0533024e+05
 1.0450407e+05
 1.8869241e+05
 1.0169886e+06
 1.6713606e+06
 1.0899754e+06
 9.5199799e+05
 1.0093616e+06
 1.1372958e+06
 1.7026787e+06
 1.2167203e+06
 9.2720815e+05
 8.0858491e+05
 1.2633880e+06
 1.5307108e+06
 8.8552241e+05
 1.2655980e+06
 7.1049158e+05
 1.6929131e+06
 8.5604963e+05
 8.7106272e+05
 1.1244147e+06
 6.6552813e+05
 9.3154095e+05
 1.4475148e+06
 7.0828829e+05
 9.5670017e+05
 1.0791947e+06
 1.4723176e+06
 1.4824792e+06
 1.1020525e+06
 1.0256257e+06
 1.2336560e+06
 1.4850490e+06
 1.3149888e+06
 1.5490835e+06
 1.4565984e+06
 2.8120332e+06
 1.4356435e+06
 1.4819694e+06
 1.4329609e+06
 1.5212231e+06
 1.4226618e+06
 1.6417897e+06
 9.7497930e+05
 1.5378741e+06
 1.5146122e+06
 1.4225274e+06
 1.5424397e+06
 1.0814065e+06
 1.5309006e+06
 1.4462644e+06
 1.3464686e+06
 1.4496908e+06
 1.5623119e+06
 1.4607997e+05
 6.6900468e+05
 1.6623858e+06
 1.3752745e+06
 1.5813887e+06
 1.5009620e+06
 1.3698724e+06
 1.2058827e+06
 1.1297996e+06
 8.0130614e+05
 1.6010627e+06
 1.5048805e+06
 1.0356159e+06
 1.2723141e+06
 1.5632864e+06
 9.6615346e+05
 6.9498180e+05
 4.0712521e+05
 2.1939241e+05
 1.0817608e+06
 2.2661262e+05
 1.5592059e+06
 8.2233923e+05
 7.7306825e+05
 2.4517530e+05
 4.4224159e+05
 1.3773682e+06
 6.5692674e+05
 1.1308306e+06
 3.0785471e+05
 5.0243833e+05
 2.2043993e+05
 8.7429994e+05
 7.0351677e+05
 8.1719352e+05
 1.9678642e+06
 1.6302771e+05
 8.1175663e+05
 8.9186403e+05
 6.1719349e+05
 1.4750914e+06
 2.0638682e+05
 5.0096802e+05
 9.6263150e+05
 1.5938665e+06
 4.6149350e+05
 1.3790516e+05
 6.9735209e+05
 1.9484077e+06
 5.1117760e+04
 7.7178740e+05
 1.5037617e+06
 5.1001105e+04
 7.3403128e+05
 1.3486859e+06
 1.2002658e+06
 1.6196322e+06
 1.0760531e+06
 9.5986406e+05
 8.5386432e+05
 3.5720231e+05
 1.5162403e+06
 7.5269071e+05
 1.4461315e+06
 1.5378305e+06
 1.4039192e+06
 7.4247900e+05
 1.4226575e+06
 6.8188532e+05
 1.4232479e+06
 6.7153535e+05
 7.5113875e+05
 8.6448842e+05
 1.5200708e+06
 1.2492099e+06
 1.0869615e+06
 1.0915858e+06
 2.5697576e+06
 1.1653958e+06
 2.6494352e+06
 1.2720682e+06
 2.4985643e+06
 2.7342866e+06
 2.4376028e+06
 2.8218365e+06
 1.1485973e+06
 1.6363215e+06
 2.3686892e+06
 2.9169249e+06
 2.5694831e+06
 6.4426958e+05
 8.5653521e+05
 2.3115632e+06
 2.9967836e+06
 1.5784187e+06
 1.5396068e+06
 2.4136997e+06
 1.6505367e+06
 1.4607300e+06
 1.0482239e+06
 3.0734247e+06
 1.5983677e+06
 2.2499195e+06
 1.6573631e+06
 1.5297041e+06
 1.3599152e+06
 3.1049880e+06
 1.5762006e+06
 1.6546851e+06
 6.9322725e+05
 8.4603768e+05
 9.1762157e+05
 1.5814094e+06
 9.8619682e+05
 1.0516149e+06
 4.0679909e+05
 1.1129115e+06
 1.1691781e+06
 1.2199188e+06
 9.2577573e+05
 3.3332579e+06
 7.7434793e+05
 7.7396879e+05
 1.6479172e+06
 6.7562605e+05
 1.3209998e+06
 7.4191346e+05
 3.9473332e+06
 1.3856680e+06
 1.6188683e+06
 6.6938403e+05
 6.2627057e+05
 1.4071859e+06
 4.0630999e+06
 7.0426698e+05
 5.9641708e+05
 1.6367388e+06
 1.4743907e+06
 1.1855848e+06
 5.9446189e+05
 2.1628720e+06
 6.3958337e+05
 1.7205960e+06
 1.5349542e+06
 5.7101884e+05
 2.0453729e+06
 1.6428516e+06
 1.6176834e+06
 3.0062233e+06
 2.7009809e+06
 3.3297204e+05
 1.9086073e+06
 2.2603203e+06
 5.7600074e+05
 8.2303112e+05
 1.7568379e+06
 1.3679794e+06
 1.4536164e+06
 1.0045959e+06
 1.7993027e+06
 3.9394552e+05
 1.3576068e+06
 1.7462154e+06
 4.3163044e+05
 1.4222795e+06
 1.5891596e+06
 6.3798459e+05
 1.8824462e+06
 1.5689159e+06
 1.7000479e+06
 1.7928445e+06
 1.6901246e+06
 3.4659721e+05
 2.3450197e+06
 4.2028222e+05
 1.7140465e+06
 1.9567872e+06
 1.5567892e+06
 3.6776283e+06
 1.4373808e+06
 3.8089554e+05
 1.6247724e+06
 1.0366149e+06
 1.0610078e+06
 4.2542360e+05
 3.4015463e+05
 1.2864990e+06
 1.0014207e+06
 1.9482102e+06
 1.0759456e+06
 2.4239157e+06
 4.8003425e+05
 5.2048481e+05
 2.9610041e+05
 1.7110851e+06
 1.1670418e+06
 9.7046453e+05
 1.1933843e+06
 1.0668224e+06
 1.6840459e+06
 1.4036174e+06
 2.0179984e+06
 6.9900980e+05
 2.4809593e+06
 3.9212919e+05
 7.1179835e+05
 6.3644381e+05
 1.1500533e+06
 2.5367359e+06
 7.3050190e+05
 8.6837305e+05
 4.8885374e+05
 1.3380559e+06
 7.5293625e+05
 2.0911561e+06
 9.2947143e+05
 4.3062731e+05
 1.0035170e+06
 2.1291254e+06
 9.8194076e+05
 7.7648520e+05
 2.3708448e+06
 1.1865862e+06
 9.0999745e+05
 4.4247938e+05
 6.6556185e+05
 9.6297993e+05
 9.1107885e+05
 8.7358430e+05
 2.4040221e+05
 8.1222290e+05
 1.7731237e+06
 7.7923496e+05
