Size 611 
 7.7852152e-06 0.0000000e+00 8.6060565e-06
 3.4251858e-06 3.6660208e-06 2.6244271e-08
 2.2452479e-08 0.0000000e+00 7.0251472e-06
 6.2540637e-06 5.4756747e-06 4.7010748e-06
 3.9447328e-06 3.2222467e-06 2.5486537e-06
 1.9413758e-06 1.4129074e-06 9.7318305e-07
 6.2674329e-07 3.6845248e-07 1.8720063e-07
 6.9029486e-08-2.4516052e-09-3.9090239e-08
-5.0653526e-08-4.4239361e-08-2.4373230e-08
 8.6056009e-06 8.6051398e-06 8.6044398e-06
 8.6031272e-06 8.6009143e-06 8.5973558e-06
 8.5921366e-06 8.5847747e-06 8.5747625e-06
 8.5615513e-06 8.5444813e-06 8.5228693e-06
 8.4959362e-06 8.4627960e-06 8.4224636e-06
 8.3748631e-06 8.3194215e-06 8.2565488e-06
 8.1872907e-06 8.1138433e-06 8.0392942e-06
 7.9676393e-06 7.9033417e-06 7.8509402e-06
 7.8140731e-06 7.7936416e-06 7.7866195e-06
 3.9440481e-06 4.4625869e-06 4.9806409e-06
 5.4982613e-06 6.0156301e-06 6.5329932e-06
 7.0506028e-06 7.5686539e-06 8.0871931e-06
 3.4251806e-06 3.4251484e-06 3.4252730e-06
 3.4257997e-06 3.4269867e-06 3.4291042e-06
 3.4324322e-06 3.4372741e-06 3.4439629e-06
 3.4528613e-06 3.4643587e-06 3.4788856e-06
 3.4969000e-06 3.5189298e-06 3.5456348e-06
 3.5778493e-06 3.6169026e-06 3.6832789e-06
 3.6164880e-06 3.4603336e-06 3.2252778e-06
 2.9131034e-06 2.5449473e-06 2.1302331e-06
 1.7164737e-06 1.3148998e-06 9.6187861e-07
 6.7353224e-07 4.3428717e-07 2.9452160e-07
 1.8415152e-07 1.1419633e-07 7.2553053e-08
 4.9598775e-08 3.9385652e-08 3.0322753e-08
 2.4726905e-08 2.4325120e-08 2.4190685e-08
 2.4033019e-08 2.3773287e-08 2.3433566e-08
 2.3061458e-08 2.2705625e-08 2.2402842e-08
 2.2174933e-08 2.2036709e-08 2.2005998e-08
 2.2051315e-08 2.2148536e-08 2.2261283e-08
 2.2358061e-08 2.2418287e-08 5.2183879e-09
 8.5470017e-09 1.1403220e-08 1.3782453e-08
 1.5787763e-08 1.7474310e-08 1.8902953e-08
 2.0145494e-08 2.1289192e-08 0.0000000e+00
 0.0000000e+00 0.0000000e+00 0.0000000e+00
 0.0000000e+00 0.0000000e+00 0.0000000e+00
 0.0000000e+00 0.0000000e+00 0.0000000e+00
 0.0000000e+00 0.0000000e+00 0.0000000e+00
 0.0000000e+00 0.0000000e+00 0.0000000e+00
 0.0000000e+00 0.0000000e+00 0.0000000e+00
 0.0000000e+00 0.0000000e+00 0.0000000e+00
 0.0000000e+00 0.0000000e+00 0.0000000e+00
 0.0000000e+00 0.0000000e+00 3.9551139e-06
 2.0990601e-08 3.9992886e-06 2.2129644e-08
 8.0472719e-06 4.0626787e-06 3.2975233e-09
 2.5865127e-08 4.1469890e-06 4.0964420e-09
 7.9581656e-06 7.1581849e-06-1.7596599e-08
 3.6977239e-08 4.2870811e-06 6.1094949e-09
 3.5778936e-06 4.7018495e-06 8.7238722e-09
 7.8701535e-06 8.4680368e-09 7.4082830e-06
 1.1687612e-08 7.7148238e-06 3.2899996e-08
 2.4699485e-06 7.3594790e-08 1.5127084e-08
 7.5485908e-06 1.5378367e-08 1.2814634e-06
 4.1195944e-07 3.1662636e-06 2.0930694e-08
 6.5191178e-06-6.0057479e-08 4.9714480e-06
 5.7243436e-07 1.7049767e-07 1.8856992e-06
-3.2830833e-08 7.5460566e-09 8.0571886e-06
 1.8713563e-08 3.9372050e-06-2.9912894e-08
 4.2697174e-06 5.6805753e-08 7.0443639e-06
 2.0024786e-08 2.1136550e-08 8.0062332e-06
 1.5874107e-08 7.2720498e-06 2.1308328e-08
 2.3578576e-08 2.9637616e-08 6.2784059e-06
 3.2031181e-07 1.3608083e-06-6.5515999e-08
 7.7864018e-06 7.5947109e-06 7.9016669e-06
 4.5971514e-09 3.3355224e-09 3.4585854e-09
 1.4315304e-09 8.0605819e-06 3.9677787e-06
 4.0182028e-06 4.0886749e-06 4.1819857e-06
 4.2227400e-06 7.0346361e-06 7.5526601e-06
 7.0704469e-06 1.0626219e-08 3.9397675e-06
 5.4871416e-06 8.0767511e-06 3.7594991e-09
 3.9398120e-06 2.1223521e-08 2.7799271e-06
 1.1950499e-07 6.1792624e-07 4.8765004e-08
 4.2462712e-06 2.0478041e-06 2.2368679e-07
 4.0038166e-06 6.3432532e-08 1.7132837e-06
 4.4799194e-06 4.5581943e-06 7.9210283e-09
 4.6593763e-06 4.7637477e-06 1.6372980e-08
 4.4888127e-06 6.8850791e-06 7.2705663e-06
 7.1403867e-06 5.1196886e-08 2.5687789e-07
 1.7871743e-06 3.0461464e-06 7.8219792e-08
 6.5907335e-09 4.9646531e-06 5.1895392e-08
-6.6995059e-08 5.4950969e-07 1.8643923e-06
 6.3139014e-06 7.0112757e-06 1.9880137e-08
 4.4521371e-06-5.4020243e-08 9.1977584e-07
 2.4838582e-06 1.4497001e-07 5.4933953e-06
 3.9199568e-06-3.1834977e-08 1.3468243e-08
 9.9750967e-09 7.6381782e-06 7.8354422e-06
 7.1750020e-09 1.6142785e-08 5.2566707e-09
 7.9321123e-06 7.9860309e-06 3.7190481e-09
 8.0243119e-06 7.4799163e-06 1.3546030e-08
-7.6904303e-09 7.3351994e-06 8.0659738e-06
 7.2121783e-06-2.6697894e-08 3.2380662e-09
 7.1075915e-06 2.1113995e-08 3.9826940e-06
 2.1642817e-08 4.0396067e-06 2.2760717e-08
 2.4590702e-08 4.1164773e-06 2.7460518e-08
 2.0917775e-08-3.4085830e-08 3.9459864e-06
 1.7189018e-08 4.8021176e-06 2.1028697e-08
 3.2727242e-08 1.3214911e-08 6.0027265e-06
 4.2632434e-06 4.4561616e-06 6.8250582e-09
 7.5217192e-06 4.2860375e-06 4.2466729e-08
 3.1908385e-06 9.0080818e-08 9.0579254e-07
 4.7101480e-06 4.3540604e-06 4.3448549e-07
 4.9211863e-08 2.4119520e-06 1.4942237e-07
 2.0089465e-08 2.1138751e-08 7.4584069e-06
 2.3143977e-08 7.4576223e-06 2.6745091e-08
 3.2616172e-08 9.9009747e-09 4.6055226e-08
 1.3206088e-08 1.7759666e-08 1.4980335e-08
 6.5993040e-06-1.1111371e-08 2.3279870e-08
 6.4970454e-06 4.9365604e-06 2.8079018e-08
 3.9662509e-06 3.8293778e-08 5.3622694e-06
 1.3508434e-07 2.9730270e-06-4.2335228e-08
 5.5343314e-06 4.9348355e-06 1.8492638e-08
 6.7872238e-06 7.1943329e-06 7.2720923e-09
 2.4568042e-08 6.6542015e-08 4.5295786e-06
 4.6225945e-06 4.7302029e-06-7.0043844e-08
 1.0002361e-08 2.4141930e-06-4.2303762e-08
 8.9407945e-07 4.4636412e-06-5.3364491e-08
 1.9307617e-06 1.3381839e-06 3.0986904e-07
 3.0449076e-07 7.0317563e-06 7.2313442e-06
 6.8272993e-09 7.3593220e-06 6.5623041e-09
 8.7633593e-09 6.8375453e-06 4.0786639e-09
 7.3187325e-06 7.4281863e-06 6.4335553e-06
 6.3670392e-06 6.7582319e-06 2.0076634e-08
 1.9580595e-08-5.7400525e-08 4.5024941e-06
 4.8649999e-06 4.5885812e-06 6.5071637e-06
 4.6967109e-06 5.4755699e-06 4.1791796e-08
 4.4548164e-06 3.9463704e-06 3.5135364e-06
 5.9343357e-08 1.2940919e-06 1.9724352e-08
 4.9566945e-06 5.1007795e-08 4.4914130e-08
 4.8410568e-08 5.9439929e-07 4.8022877e-06
 1.4557582e-07 2.3368222e-06 4.9907102e-06
 9.9280569e-09 5.0711429e-06 1.1300242e-08
 5.1504402e-06 4.4309699e-06 5.2574880e-06
-3.6199994e-08 6.4309382e-06 6.7370453e-06
 4.4586552e-08 5.7775892e-06 6.2401399e-06
 6.1564094e-06 5.6081182e-06 5.3409698e-06
 6.5863862e-06 6.5690639e-06 4.9642281e-06
 3.2493055e-08 5.3805239e-06 4.7523840e-06
 5.2508182e-06 3.1073615e-06 2.0202696e-08
 1.6884387e-08 2.7983415e-08 1.2328128e-08
 2.0373157e-08 9.6695035e-09 1.5339210e-08
 1.1371248e-08 2.6040472e-08 7.4127346e-06
 7.4720914e-06 7.6588741e-06 6.6756704e-06
 6.5400577e-06-6.2997908e-08-2.7292227e-08
 1.9951225e-08 2.0507438e-08 2.1983751e-08
 2.4707018e-08 1.9379319e-08 5.9909222e-06
 7.5783101e-08 2.9278274e-08 3.6911054e-08
 4.9269200e-06 1.2704027e-08 3.3781866e-06
 7.6370907e-09 1.3213446e-06 4.6128255e-06
 3.5113023e-08 6.9894612e-06 1.8285458e-08
 4.9200505e-06 8.6418720e-09 2.6303376e-06
 5.3501617e-06 8.8541790e-07 5.2280720e-08
 3.2038632e-08 8.9007880e-07 4.6539613e-08
 5.6548288e-07 1.4558176e-07 2.3528810e-06
 1.8058718e-08 2.1774975e-08 6.9468691e-06
 2.3681874e-08 1.4091106e-08 2.3348850e-08
 3.2385580e-08 1.5567724e-08 1.8389074e-08
 5.8036697e-06 5.4587311e-06 2.6217497e-08
 5.1235531e-06 2.9394252e-08 4.1372455e-08
 4.8490866e-06 5.9408942e-06 5.5320599e-06
 5.7045144e-06 6.9409774e-06 3.3302753e-08
 3.7896879e-08 6.8043381e-06 6.1894559e-06
 9.6500935e-09 1.3605288e-08 6.2209644e-06
 6.7666345e-06-5.7845408e-08 1.6636093e-08
 5.7004071e-06 5.3225545e-09 5.9370755e-06
 6.6240554e-06 6.5269280e-06 1.7918485e-08
 1.0463793e-08-1.0627859e-08-4.8699706e-08
 5.9511134e-06 1.8959680e-08 5.1990693e-06
 5.4648294e-06 1.9677076e-08 5.1117380e-06
 5.0250594e-06 3.8593576e-06 2.6152990e-08
 5.3071125e-06 6.5368583e-06 1.2388468e-08
 1.0964419e-08 1.8145895e-08 5.9871842e-06
 2.5687569e-08 5.9403707e-06 4.9705856e-06
 4.0556698e-08 5.0346993e-06 3.4645947e-06
 5.4773986e-06 5.5373703e-06 1.7251711e-08
 2.2584934e-08 5.4662791e-06 1.2649274e-08
 5.6161316e-06 1.5566254e-08 6.2047308e-06
 6.2723125e-06 5.7568708e-06 1.6549992e-08
 1.5793478e-08-4.6289197e-08 1.5674656e-08
 1.8713774e-08 3.6692736e-06 5.8675804e-06
 1.2353281e-08 1.3244061e-08 2.0513472e-08
 7.0614283e-06 3.6563901e-08 1.8095512e-08
 1.6394115e-08 3.6484552e-08 2.0541760e-08
 2.4081947e-08 4.6100877e-06 2.9067998e-08
 5.5884663e-06-3.0650132e-08 5.7377557e-06
 1.6773020e-08 1.4699146e-08 5.9621207e-06
 5.6692405e-06 5.4574721e-06 5.0948275e-06
 2.7039435e-08 4.1121482e-06 4.9832370e-06
-7.6577919e-09-2.1099549e-08 5.9015925e-06
 1.5841184e-08 6.1631709e-06 3.0066895e-08
 5.8498574e-06 6.3533157e-06 6.3056627e-06
 5.5221288e-06 6.2286735e-06-2.9947806e-08
 4.2348310e-06 2.1355790e-08 1.8277483e-08
 5.6894629e-06 1.6926755e-08-2.6152262e-08
 5.9193366e-06 1.4668406e-08 1.8270194e-08
-5.2477884e-09 3.1871113e-08 5.9011634e-06
 1.5029529e-08 5.8778413e-06
