Number of nodes 1066 
     0 :  1.0000000e-01  0.0000000e+00 
     1 :  1.1000000e+00  0.0000000e+00 
     2 :  1.1000000e+00  1.0000000e+00 
     3 :  1.0000000e-01  1.0000000e+00 
     4 :  1.4673908e-01  0.0000000e+00 
     5 :  1.9232842e-01  0.0000000e+00 
     6 :  2.3679628e-01  0.0000000e+00 
     7 :  2.8017026e-01  0.0000000e+00 
     8 :  3.2247723e-01  0.0000000e+00 
     9 :  3.6374350e-01  0.0000000e+00 
    10 :  4.0399463e-01  0.0000000e+00 
    11 :  4.4325561e-01  0.0000000e+00 
    12 :  4.8155077e-01  0.0000000e+00 
    13 :  5.1890390e-01  0.0000000e+00 
    14 :  5.5533816e-01  0.0000000e+00 
    15 :  5.9087615e-01  0.0000000e+00 
    16 :  6.2553992e-01  0.0000000e+00 
    17 :  6.5935099e-01  0.0000000e+00 
    18 :  6.9233031e-01  0.0000000e+00 
    19 :  7.2449837e-01  0.0000000e+00 
    20 :  7.5587509e-01  0.0000000e+00 
    21 :  7.8647998e-01  0.0000000e+00 
    22 :  8.1633199e-01  0.0000000e+00 
    23 :  8.4544966e-01  0.0000000e+00 
    24 :  8.7385104e-01  0.0000000e+00 
    25 :  9.0155377e-01  0.0000000e+00 
    26 :  9.2857503e-01  0.0000000e+00 
    27 :  9.5493157e-01  0.0000000e+00 
    28 :  9.8063975e-01  0.0000000e+00 
    29 :  1.0057155e+00  0.0000000e+00 
    30 :  1.0301745e+00  0.0000000e+00 
    31 :  1.0540317e+00  0.0000000e+00 
    32 :  1.0773021e+00  0.0000000e+00 
    33 :  1.1000000e+00  2.1739130e-02 
    34 :  1.1000000e+00  4.3478261e-02 
    35 :  1.1000000e+00  6.5217391e-02 
    36 :  1.1000000e+00  8.6956522e-02 
    37 :  1.1000000e+00  1.0869565e-01 
    38 :  1.1000000e+00  1.3043478e-01 
    39 :  1.1000000e+00  1.5217391e-01 
    40 :  1.1000000e+00  1.7391304e-01 
    41 :  1.1000000e+00  1.9565217e-01 
    42 :  1.1000000e+00  2.1739130e-01 
    43 :  1.1000000e+00  2.3913043e-01 
    44 :  1.1000000e+00  2.6086957e-01 
    45 :  1.1000000e+00  2.8260870e-01 
    46 :  1.1000000e+00  3.0434783e-01 
    47 :  1.1000000e+00  3.2608696e-01 
    48 :  1.1000000e+00  3.4782609e-01 
    49 :  1.1000000e+00  3.6956522e-01 
    50 :  1.1000000e+00  3.9130435e-01 
    51 :  1.1000000e+00  4.1304348e-01 
    52 :  1.1000000e+00  4.3478261e-01 
    53 :  1.1000000e+00  4.5652174e-01 
    54 :  1.1000000e+00  4.7826087e-01 
    55 :  1.1000000e+00  5.0000000e-01 
    56 :  1.1000000e+00  5.2173913e-01 
    57 :  1.1000000e+00  5.4347826e-01 
    58 :  1.1000000e+00  5.6521739e-01 
    59 :  1.1000000e+00  5.8695652e-01 
    60 :  1.1000000e+00  6.0869565e-01 
    61 :  1.1000000e+00  6.3043478e-01 
    62 :  1.1000000e+00  6.5217391e-01 
    63 :  1.1000000e+00  6.7391304e-01 
    64 :  1.1000000e+00  6.9565217e-01 
    65 :  1.1000000e+00  7.1739130e-01 
    66 :  1.1000000e+00  7.3913043e-01 
    67 :  1.1000000e+00  7.6086957e-01 
    68 :  1.1000000e+00  7.8260870e-01 
    69 :  1.1000000e+00  8.0434783e-01 
    70 :  1.1000000e+00  8.2608696e-01 
    71 :  1.1000000e+00  8.4782609e-01 
    72 :  1.1000000e+00  8.6956522e-01 
    73 :  1.1000000e+00  8.9130435e-01 
    74 :  1.1000000e+00  9.1304348e-01 
    75 :  1.1000000e+00  9.3478261e-01 
    76 :  1.1000000e+00  9.5652174e-01 
    77 :  1.1000000e+00  9.7826087e-01 
    78 :  1.0773021e+00  1.0000000e+00 
    79 :  1.0540317e+00  1.0000000e+00 
    80 :  1.0301745e+00  1.0000000e+00 
    81 :  1.0057155e+00  1.0000000e+00 
    82 :  9.8063975e-01  1.0000000e+00 
    83 :  9.5493157e-01  1.0000000e+00 
    84 :  9.2857503e-01  1.0000000e+00 
    85 :  9.0155377e-01  1.0000000e+00 
    86 :  8.7385104e-01  1.0000000e+00 
    87 :  8.4544966e-01  1.0000000e+00 
    88 :  8.1633199e-01  1.0000000e+00 
    89 :  7.8647998e-01  1.0000000e+00 
    90 :  7.5587509e-01  1.0000000e+00 
    91 :  7.2449837e-01  1.0000000e+00 
    92 :  6.9233031e-01  1.0000000e+00 
    93 :  6.5935099e-01  1.0000000e+00 
    94 :  6.2553992e-01  1.0000000e+00 
    95 :  5.9087615e-01  1.0000000e+00 
    96 :  5.5533816e-01  1.0000000e+00 
    97 :  5.1890390e-01  1.0000000e+00 
    98 :  4.8155077e-01  1.0000000e+00 
    99 :  4.4325561e-01  1.0000000e+00 
   100 :  4.0399463e-01  1.0000000e+00 
   101 :  3.6374350e-01  1.0000000e+00 
   102 :  3.2247723e-01  1.0000000e+00 
   103 :  2.8017026e-01  1.0000000e+00 
   104 :  2.3679628e-01  1.0000000e+00 
   105 :  1.9232842e-01  1.0000000e+00 
   106 :  1.4673908e-01  1.0000000e+00 
   107 :  1.0000000e-01  9.5454545e-01 
   108 :  1.0000000e-01  9.0909091e-01 
   109 :  1.0000000e-01  8.6363636e-01 
   110 :  1.0000000e-01  8.1818182e-01 
   111 :  1.0000000e-01  7.7272727e-01 
   112 :  1.0000000e-01  7.2727273e-01 
   113 :  1.0000000e-01  6.8181818e-01 
   114 :  1.0000000e-01  6.3636364e-01 
   115 :  1.0000000e-01  5.9090909e-01 
   116 :  1.0000000e-01  5.4545455e-01 
   117 :  1.0000000e-01  5.0000000e-01 
   118 :  1.0000000e-01  4.5454545e-01 
   119 :  1.0000000e-01  4.0909091e-01 
   120 :  1.0000000e-01  3.6363636e-01 
   121 :  1.0000000e-01  3.1818182e-01 
   122 :  1.0000000e-01  2.7272727e-01 
   123 :  1.0000000e-01  2.2727273e-01 
   124 :  1.0000000e-01  1.8181818e-01 
   125 :  1.0000000e-01  1.3636364e-01 
   126 :  1.0000000e-01  9.0909091e-02 
   127 :  1.0000000e-01  4.5454545e-02 
   128 :  1.0776668e+00  4.9924286e-01 
   129 :  6.9135045e-01  9.6769177e-01 
   130 :  7.2331443e-01  3.1352272e-02 
   131 :  1.0776618e+00  6.3007244e-01 
   132 :  1.4440094e-01  4.9935444e-01 
   133 :  1.0776431e+00  2.6039473e-01 
   134 :  8.1552339e-01  9.7079120e-01 
   135 :  5.5427752e-01  3.5406826e-02 
   136 :  4.7999470e-01  9.6254917e-01 
   137 :  1.0776853e+00  7.3865617e-01 
   138 :  9.3186227e-01  2.8242469e-02 
   139 :  1.4434158e-01  7.2841868e-01 
   140 :  1.0776974e+00  8.2575959e-01 
   141 :  1.0775923e+00  1.2975107e-01 
   142 :  1.4437021e-01  3.1831948e-01 
   143 :  4.0248571e-01  3.9196253e-02 
   144 :  9.5455802e-01  9.7428471e-01 
   145 :  3.2001617e-01  9.5890069e-01 
   146 :  1.0776283e+00  8.9061604e-01 
   147 :  1.0776563e+00  3.6947260e-01 
   148 :  1.0260226e+00  2.7223888e-02 
   149 :  1.4460467e-01  8.6505131e-01 
   150 :  1.0057621e+00  9.7586796e-01 
   151 :  1.0774993e+00  9.3390549e-01 
   152 :  2.7802265e-01  4.2153003e-02 
   153 :  1.4448816e-01  1.3588464e-01 
   154 :  8.4462419e-01  2.8475498e-02 
   155 :  1.0776208e+00  6.5073312e-02 
   156 :  1.9058541e-01  9.5593062e-01 
   157 :  5.5415514e-01  9.6434034e-01 
   158 :  1.9050125e-01  4.4255435e-02 
   159 :  8.7314770e-01  9.7226773e-01 
   160 :  1.4463255e-01  6.3666524e-01 
   161 :  6.5818422e-01  3.3003584e-02 
   162 :  1.0777085e+00  5.4303279e-01 
   163 :  1.0776778e+00  4.1264358e-01 
   164 :  1.0776892e+00  6.7350269e-01 
   165 :  1.0776795e+00  3.0411187e-01 
   166 :  1.0776172e+00  1.7341745e-01 
   167 :  1.0540390e+00  9.7730340e-01 
   168 :  1.0771824e+00  2.2124048e-02 
   169 :  1.4555025e-01  9.5515156e-01 
   170 :  1.0773252e+00  9.5577598e-01 
   171 :  4.8031603e-01  3.7199365e-02 
   172 :  4.0189670e-01  9.6073165e-01 
   173 :  9.8031948e-01  2.5387880e-02 
   174 :  7.8546049e-01  2.9822029e-02 
   175 :  1.4484802e-01  9.0202584e-02 
   176 :  7.5496232e-01  9.6925225e-01 
   177 :  6.2450203e-01  9.6605712e-01 
   178 :  2.3464327e-01  9.5690862e-01 
   179 :  1.4433519e-01  4.5418231e-01 
   180 :  1.4431947e-01  4.0898008e-01 
   181 :  1.4433506e-01  2.7301424e-01 
   182 :  1.4474088e-01  5.9061682e-01 
   183 :  3.6197035e-01  4.0143264e-02 
   184 :  9.0087225e-01  9.7292839e-01 
   185 :  1.4443290e-01  8.1971239e-01 
   186 :  9.0253535e-01  2.8401184e-02 
   187 :  6.2440331e-01  3.3813286e-02 
   188 :  1.4429293e-01  2.2759107e-01 
   189 :  1.4550294e-01  4.4970005e-02 
   190 :  1.0776965e+00  4.5573681e-01 
   191 :  1.0777068e+00  5.6489258e-01 
   192 :  1.0776640e+00  3.2598417e-01 
   193 :  1.0776806e+00  5.8667150e-01 
   194 :  1.0776301e+00  2.1692292e-01 
   195 :  1.0776958e+00  7.6041028e-01 
   196 :  1.0776697e+00  6.9521789e-01 
   197 :  1.0776875e+00  7.8217209e-01 
   198 :  1.0776888e+00  8.4747332e-01 
   199 :  1.0776104e+00  8.6372013e-02 
   200 :  1.0771777e+00  9.7783279e-01 
   201 :  1.0550977e+00  5.4253274e-01 
   202 :  6.5732217e-01  6.5956334e-02 
   203 :  1.0550495e+00  3.0392561e-01 
   204 :  1.0550973e+00  6.7337411e-01 
   205 :  1.8836690e-01  4.9837896e-01 
   206 :  1.0553275e+00  7.5993484e-01 
   207 :  9.0053276e-01  9.4586988e-01 
   208 :  1.0553257e+00  8.2549866e-01 
   209 :  9.3831322e-01  6.1115963e-02 
   210 :  1.8829599e-01  2.7324080e-01 
   211 :  4.0074997e-01  7.8498516e-02 
   212 :  1.8868394e-01  8.6729020e-01 
   213 :  1.0554491e+00  6.3897300e-02 
   214 :  2.3300733e-01  9.1374502e-01 
   215 :  1.8932303e-01  9.1178694e-01 
   216 :  1.8926213e-01  1.3463268e-01 
   217 :  1.8940239e-01  8.8889964e-02 
   218 :  1.8815293e-01  4.5371618e-01 
   219 :  2.3462169e-01  4.3277947e-02 
   220 :  3.2040188e-01  4.1105638e-02 
   221 :  2.7768467e-01  9.5792495e-01 
   222 :  1.4457993e-01  5.4476207e-01 
   223 :  1.4430299e-01  3.6367113e-01 
   224 :  1.0539223e+00  2.3011427e-02 
   225 :  1.0302340e+00  9.7665495e-01 
   226 :  3.6129969e-01  9.5983351e-01 
   227 :  1.4440408e-01  6.8270163e-01 
   228 :  4.4176797e-01  3.8199574e-02 
   229 :  5.1773127e-01  3.6264407e-02 
   230 :  4.4132537e-01  9.6163607e-01 
   231 :  1.0042119e+00  1.7133986e-02 
   232 :  1.4433579e-01  7.7419825e-01 
   233 :  9.8049756e-01  9.7508037e-01 
   234 :  5.8975421e-01  3.4603259e-02 
   235 :  5.1748864e-01  9.6345171e-01 
   236 :  9.6013946e-01  2.6820311e-02 
   237 :  9.2798098e-01  9.7358801e-01 
   238 :  5.8972461e-01  9.6520561e-01 
   239 :  8.7346347e-01  2.8192764e-02 
   240 :  1.4434096e-01  1.8181558e-01 
   241 :  6.9105959e-01  3.2162800e-02 
   242 :  8.1535176e-01  2.9113096e-02 
   243 :  7.5472307e-01  3.0573940e-02 
   244 :  8.4465448e-01  9.7154480e-01 
   245 :  6.5829567e-01  9.6688396e-01 
   246 :  7.8557225e-01  9.7001944e-01 
   247 :  7.2349753e-01  9.6847615e-01 
   248 :  1.4488032e-01  9.1026007e-01 
   249 :  1.0776604e+00  4.7740683e-01 
   250 :  1.0776404e+00  5.2110624e-01 
   251 :  1.0776781e+00  4.3414142e-01 
   252 :  1.0776418e+00  3.9109402e-01 
   253 :  1.0776359e+00  3.4778139e-01 
   254 :  1.0776461e+00  6.0838502e-01 
   255 :  1.0776373e+00  6.5180430e-01 
   256 :  1.0776211e+00  2.8222365e-01 
   257 :  1.0776454e+00  7.1694171e-01 
   258 :  1.0776138e+00  2.3861007e-01 
   259 :  1.0775995e+00  1.9515886e-01 
   260 :  1.0776729e+00  8.0396190e-01 
   261 :  1.0775832e+00  1.5155516e-01 
   262 :  1.0776537e+00  8.6906625e-01 
   263 :  1.0775492e+00  9.1217016e-01 
   264 :  1.0775556e+00  1.0792121e-01 
   265 :  1.0550922e+00  5.6461685e-01 
   266 :  1.0774275e+00  4.3696930e-02 
   267 :  1.0546071e+00  9.3266851e-01 
   268 :  1.0542407e+00  9.5481929e-01 
   269 :  1.0320032e+00  5.4202537e-01 
   270 :  7.2276957e-01  9.3695323e-01 
   271 :  5.8883579e-01  9.3042066e-01 
   272 :  2.3170552e-01  4.9695839e-01 
   273 :  4.3935139e-01  9.2321068e-01 
   274 :  8.1463029e-01  5.8201972e-02 
   275 :  1.8852030e-01  6.8488587e-01 
   276 :  1.0549734e+00  2.1606317e-01 
   277 :  1.0552266e+00  4.1236273e-01 
   278 :  1.0547843e+00  1.2848904e-01 
   279 :  2.3196082e-01  8.7018426e-01 
   280 :  5.1688248e-01  7.2488554e-02 
   281 :  3.5896268e-01  9.1967613e-01 
   282 :  1.8896159e-01  2.2778005e-01 
   283 :  3.1816276e-01  8.2081245e-02 
   284 :  1.0024793e+00  4.8649315e-02 
   285 :  1.0062132e+00  9.5204115e-01 
   286 :  1.0550110e+00  8.8973492e-01 
   287 :  2.3318028e-01  8.6730650e-02 
   288 :  2.7571065e-01  9.1580638e-01 
   289 :  8.4413939e-01  9.4308073e-01 
   290 :  7.5379386e-01  6.1122323e-02 
   291 :  6.9011542e-01  6.4291616e-02 
   292 :  1.0550623e+00  3.6965273e-01 
   293 :  1.0550456e+00  6.2992821e-01 
   294 :  1.0553416e+00  4.5453137e-01 
   295 :  1.0553059e+00  8.0353665e-01 
   296 :  1.0548151e+00  8.4606407e-02 
   297 :  1.0311030e+00  9.3095259e-01 
   298 :  1.8973457e-01  1.8121152e-01 
   299 :  1.8969983e-01  5.4371028e-01 
   300 :  8.7311267e-01  5.6376598e-02 
   301 :  4.4049142e-01  7.6415361e-02 
   302 :  1.8817085e-01  3.6365194e-01 
   303 :  1.8812800e-01  3.1833638e-01 
   304 :  1.8824744e-01  7.7669718e-01 
   305 :  9.5466669e-01  9.4871457e-01 
   306 :  3.5959897e-01  8.0381111e-02 
   307 :  5.1623346e-01  9.2687660e-01 
   308 :  9.0304886e-01  5.7326732e-02 
   309 :  6.5753532e-01  9.3378424e-01 
   310 :  5.8906466e-01  6.9172044e-02 
   311 :  6.2357496e-01  6.7577428e-02 
   312 :  8.7260385e-01  9.4451326e-01 
   313 :  7.8497112e-01  9.4002631e-01 
   314 :  1.8810594e-01  4.0881229e-01 
   315 :  1.8831189e-01  8.2233571e-01 
   316 :  9.2782583e-01  9.4724552e-01 
   317 :  1.0549946e+00  4.9808626e-01 
   318 :  1.0549321e+00  1.7248685e-01 
   319 :  1.0550342e+00  3.2603082e-01 
   320 :  1.0550601e+00  5.8652623e-01 
   321 :  1.0550590e+00  6.9518319e-01 
   322 :  1.0553736e+00  8.4727742e-01 
   323 :  1.0549569e+00  5.2028617e-01 
   324 :  1.0551644e+00  7.3843348e-01 
   325 :  1.0549871e+00  2.5971186e-01 
   326 :  1.0305253e+00  9.5359054e-01 
   327 :  1.0550271e+00  6.5168708e-01 
   328 :  1.0549632e+00  2.8176812e-01 
   329 :  1.0553762e+00  7.8164062e-01 
   330 :  1.0547410e+00  9.1096039e-01 
   331 :  1.0552151e+00  4.3841541e-02 
   332 :  6.5660432e-01  9.8857046e-02 
   333 :  1.0320285e+00  3.2625333e-01 
   334 :  1.0320952e+00  6.7393590e-01 
   335 :  8.7223978e-01  9.1679800e-01 
   336 :  1.0332117e+00  7.5953932e-01 
   337 :  1.0336912e+00  8.4764989e-01 
   338 :  9.0166804e-01  8.5389530e-02 
   339 :  2.3161220e-01  3.6263749e-01 
   340 :  4.3877894e-01  1.1473059e-01 
   341 :  1.0067295e+00  9.2869252e-01 
   342 :  2.3405606e-01  5.4075101e-01 
   343 :  9.5509897e-01  9.2335415e-01 
   344 :  2.4385557e-01  1.7742660e-01 
   345 :  3.5539470e-01  1.2161523e-01 
   346 :  2.7440118e-01  8.7332419e-01 
   347 :  1.8991186e-01  6.3824599e-01 
   348 :  2.3402374e-01  1.2991504e-01 
   349 :  2.3139259e-01  7.8072572e-01 
   350 :  2.3146601e-01  8.2590034e-01 
   351 :  1.0328706e+00  5.9295832e-02 
   352 :  1.9105724e-01  5.9075211e-01 
   353 :  2.7603122e-01  8.4118029e-02 
   354 :  4.7906888e-01  7.4385771e-02 
   355 :  1.8814853e-01  7.3107910e-01 
   356 :  3.1764799e-01  9.1777341e-01 
   357 :  9.6915710e-01  5.2688546e-02 
   358 :  7.2222189e-01  6.2675196e-02 
   359 :  3.9942308e-01  9.2142968e-01 
   360 :  4.7814999e-01  9.2502814e-01 
   361 :  6.2300705e-01  1.0129832e-01 
   362 :  5.5295840e-01  9.2866851e-01 
   363 :  9.8076106e-01  9.5042132e-01 
   364 :  6.2354153e-01  9.3212609e-01 
   365 :  8.4399517e-01  5.7042592e-02 
   366 :  6.9047114e-01  9.3538928e-01 
   367 :  8.1485812e-01  9.4156161e-01 
   368 :  7.8450148e-01  5.9627048e-02 
   369 :  7.5417242e-01  9.3849092e-01 
   370 :  9.5791813e-01  7.8316473e-02 
   371 :  2.3174949e-01  4.0790943e-01 
   372 :  2.3163612e-01  4.5274309e-01 
   373 :  2.3137770e-01  3.1716828e-01 
   374 :  5.5340625e-01  7.0779574e-02 
   375 :  9.2795239e-01  9.2100482e-01 
   376 :  1.0319277e+00  3.0375698e-01 
   377 :  1.0330374e+00  8.2540426e-01 
   378 :  1.0549989e+00  3.4796251e-01 
   379 :  1.0550137e+00  6.0829196e-01 
   380 :  1.0548340e+00  1.5047086e-01 
   381 :  1.0552499e+00  8.6865889e-01 
   382 :  2.3437651e-01  2.2781023e-01 
   383 :  1.0320445e+00  5.8662077e-01 
   384 :  1.0319958e+00  5.6443376e-01 
   385 :  1.0551103e+00  4.7603218e-01 
   386 :  1.0550906e+00  3.9117843e-01 
   387 :  1.0549430e+00  2.3779728e-01 
   388 :  1.0319330e+00  8.8862385e-01 
   389 :  1.0549196e+00  1.9425276e-01 
   390 :  1.0550421e+00  7.1694242e-01 
   391 :  1.0553772e+00  4.3340100e-01 
   392 :  1.0320422e+00  6.3031553e-01 
   393 :  1.0318893e+00  2.5884776e-01 
   394 :  1.0546079e+00  1.0631922e-01 
   395 :  1.0336292e+00  7.8094151e-01 
   396 :  1.0315163e+00  4.9613136e-01 
   397 :  1.0317283e+00  5.1928791e-01 
   398 :  1.0314204e+00  9.0909642e-01 
   399 :  1.0377739e+00  4.4153145e-02 
   400 :  1.0068819e+00  4.9418070e-01 
   401 :  6.8964080e-01  9.0314543e-01 
   402 :  1.0084869e+00  3.2655283e-01 
   403 :  6.5608870e-01  1.3173559e-01 
   404 :  2.7580665e-01  5.3724472e-01 
   405 :  5.5170404e-01  8.9302215e-01 
   406 :  2.7568262e-01  3.5865509e-01 
   407 :  1.0099263e+00  7.5713715e-01 
   408 :  4.3712356e-01  8.8463954e-01 
   409 :  1.0318056e+00  1.7106591e-01 
   410 :  1.0174370e+00  8.4829344e-01 
   411 :  1.0312519e+00  1.2659354e-01 
   412 :  7.8352813e-01  8.9358707e-02 
   413 :  1.0329015e+00  4.1299638e-01 
   414 :  2.3541136e-01  6.4396127e-01 
   415 :  1.0041525e+00  7.7409881e-02 
   416 :  9.5571697e-01  8.9809223e-01 
   417 :  2.3130840e-01  7.3534419e-01 
   418 :  2.8729774e-01  1.9187295e-01 
   419 :  8.1435534e-01  9.1235702e-01 
   420 :  5.5273968e-01  1.0611234e-01 
   421 :  4.7784389e-01  1.1154653e-01 
   422 :  1.0083337e+00  5.4146461e-01 
   423 :  3.1452668e-01  1.2242639e-01 
   424 :  2.4652039e-01  5.9151024e-01 
   425 :  2.7378163e-01  8.3006033e-01 
   426 :  9.8131189e-01  9.2609406e-01 
   427 :  9.7726642e-01  7.6637070e-02 
   428 :  3.5688954e-01  8.7933959e-01 
   429 :  3.1601005e-01  8.7635418e-01 
   430 :  2.7525580e-01  1.2430072e-01 
   431 :  8.4330903e-01  8.5443360e-02 
   432 :  3.9724703e-01  1.1860688e-01 
   433 :  7.2129297e-01  9.3953160e-02 
   434 :  5.1447068e-01  8.9025867e-01 
   435 :  6.5653953e-01  9.0073754e-01 
   436 :  7.8430346e-01  9.1005517e-01 
   437 :  9.3009568e-01  8.9831119e-02 
   438 :  9.0029482e-01  9.1887626e-01 
   439 :  8.7244485e-01  8.4584442e-02 
   440 :  8.4354168e-01  9.1463382e-01 
   441 :  2.3178420e-01  2.7232404e-01 
   442 :  2.7549945e-01  4.5157036e-01 
   443 :  5.8834999e-01  1.0369357e-01 
   444 :  7.5345148e-01  9.0777466e-01 
   445 :  6.2253905e-01  8.9824314e-01 
   446 :  6.8921759e-01  9.6375792e-02 
   447 :  1.0337105e+00  4.5268965e-01 
   448 :  1.0323939e+00  7.3898049e-01 
   449 :  1.0319194e+00  2.1481368e-01 
   450 :  1.0320225e+00  6.5217470e-01 
   451 :  1.0318464e+00  2.8122776e-01 
   452 :  1.0328753e+00  8.0309542e-01 
   453 :  1.0083598e+00  8.8498135e-01 
   454 :  1.0085136e+00  5.8671857e-01 
   455 :  1.0305157e+00  8.1010505e-02 
   456 :  1.0321749e+00  3.7049830e-01 
   457 :  1.0321787e+00  4.7328774e-01 
   458 :  1.0072980e+00  9.0609799e-01 
   459 :  1.0320675e+00  6.9596635e-01 
   460 :  1.0320265e+00  3.4853422e-01 
   461 :  1.0319747e+00  6.0855275e-01 
   462 :  1.0318565e+00  2.3672385e-01 
   463 :  1.0329021e+00  8.6880100e-01 
   464 :  6.5528753e-01  8.6777835e-01 
   465 :  8.1374122e-01  8.8323622e-01 
   466 :  8.7135871e-01  1.1220808e-01 
   467 :  4.7614371e-01  1.4881721e-01 
   468 :  1.0084891e+00  2.1330849e-01 
   469 :  9.5599252e-01  9.5727722e-02 
   470 :  5.4979191e-01  8.5743414e-01 
   471 :  1.0086817e+00  6.9751299e-01 
   472 :  3.9407454e-01  1.5930830e-01 
   473 :  9.0018310e-01  8.9189416e-01 
   474 :  5.8776830e-01  1.3818185e-01 
   475 :  1.0082785e+00  2.5779611e-01 
   476 :  1.0085858e+00  6.3105295e-01 
   477 :  1.0092312e+00  7.4199440e-01 
   478 :  1.0057759e+00  1.0144693e-01 
   479 :  2.7946192e-01  5.6838232e-01 
   480 :  2.7360454e-01  7.4141202e-01 
   481 :  2.7354912e-01  7.8603130e-01 
   482 :  2.7410905e-01  3.1273302e-01 
   483 :  2.7646225e-01  2.2792885e-01 
   484 :  9.8355648e-01  8.7815612e-01 
   485 :  2.3211014e-01  6.9012166e-01 
   486 :  5.1569276e-01  1.0872975e-01 
   487 :  3.5581257e-01  8.3854636e-01 
   488 :  3.9727704e-01  8.8194137e-01 
   489 :  7.5262609e-01  9.1612012e-02 
   490 :  4.7618001e-01  8.8741585e-01 
   491 :  9.2766895e-01  1.1593405e-01 
   492 :  9.2815107e-01  8.9476932e-01 
   493 :  5.8746600e-01  8.9566966e-01 
   494 :  7.2180805e-01  9.0548885e-01 
   495 :  8.1364511e-01  8.7273602e-02 
   496 :  6.8862170e-01  1.2843277e-01 
   497 :  2.7459778e-01  4.9540772e-01 
   498 :  6.2239744e-01  1.3498351e-01 
   499 :  8.7179295e-01  8.8915683e-01 
   500 :  3.4395257e-01  1.6985355e-01 
   501 :  7.8357288e-01  8.8019153e-01 
   502 :  2.7682481e-01  4.0523622e-01 
   503 :  1.0083078e+00  3.0351591e-01 
   504 :  1.0092621e+00  8.2548836e-01 
   505 :  1.0083988e+00  5.6417300e-01 
   506 :  1.0323879e+00  3.9214145e-01 
   507 :  1.0318459e+00  1.9292846e-01 
   508 :  1.0320916e+00  7.1795906e-01 
   509 :  1.0305852e+00  1.0389262e-01 
   510 :  1.0086416e+00  6.7518996e-01 
   511 :  1.0078240e+00  5.1826121e-01 
   512 :  1.0171443e+00  7.8010109e-01 
   513 :  1.0315043e+00  1.4891273e-01 
   514 :  3.1519536e-01  8.3430362e-01 
   515 :  1.0179113e+00  4.5032689e-01 
   516 :  1.0055790e+00  4.6531468e-01 
   517 :  1.0339616e+00  4.3321858e-01 
   518 :  9.8202292e-01  9.0213528e-01 
   519 :  1.0086364e+00  3.4941288e-01 
   520 :  1.0084870e+00  6.0894621e-01 
   521 :  3.0453057e-01  1.5897304e-01 
   522 :  1.0085064e+00  8.7276376e-01 
   523 :  6.2179718e-01  1.6862994e-01 
   524 :  9.9329102e-01  4.4042789e-01 
   525 :  9.8440462e-01  5.8647270e-01 
   526 :  9.8435456e-01  3.2668402e-01 
   527 :  3.2971070e-01  4.0212626e-01 
   528 :  9.8479543e-01  6.9943617e-01 
   529 :  8.1303025e-01  8.5422448e-01 
   530 :  9.5500827e-01  1.2051324e-01 
   531 :  9.2833142e-01  8.6811381e-01 
   532 :  9.8536988e-01  7.4686035e-01 
   533 :  3.1721689e-01  5.3619187e-01 
   534 :  3.9293085e-01  1.9985901e-01 
   535 :  9.8878435e-01  8.4848138e-01 
   536 :  1.0082810e+00  1.6959290e-01 
   537 :  5.1442270e-01  1.4498477e-01 
   538 :  5.8591984e-01  8.6099051e-01 
   539 :  4.7427607e-01  8.4979819e-01 
   540 :  3.9586465e-01  8.4225659e-01 
   541 :  8.1250898e-01  1.1621000e-01 
   542 :  9.8413454e-01  5.4066782e-01 
   543 :  3.1496179e-01  7.4852152e-01 
   544 :  1.0108553e+00  4.1528746e-01 
   545 :  3.2013202e-01  3.4931589e-01 
   546 :  3.5548470e-01  7.9720200e-01 
   547 :  9.8055141e-01  9.9433552e-02 
   548 :  2.7431467e-01  6.9741334e-01 
   549 :  7.5157265e-01  1.2200050e-01 
   550 :  5.5158421e-01  1.4147339e-01 
   551 :  3.5195973e-01  2.1143501e-01 
   552 :  6.2102674e-01  8.6442787e-01 
   553 :  7.2038874e-01  1.2517150e-01 
   554 :  8.4296187e-01  8.8627675e-01 
   555 :  4.3603367e-01  1.5356434e-01 
   556 :  2.7391788e-01  2.6884507e-01 
   557 :  5.1233965e-01  8.5368963e-01 
   558 :  7.5253204e-01  8.7719442e-01 
   559 :  6.8836110e-01  8.7102838e-01 
   560 :  8.4215514e-01  1.1388542e-01 
   561 :  8.9977005e-01  1.1280421e-01 
   562 :  3.1629876e-01  4.9477415e-01 
   563 :  8.9982571e-01  8.6469054e-01 
   564 :  1.0085781e+00  6.5308296e-01 
   565 :  9.8177025e-01  4.9341528e-01 
   566 :  6.8818523e-01  1.6045724e-01 
   567 :  1.0082095e+00  2.8053646e-01 
   568 :  1.0070437e+00  8.0236183e-01 
   569 :  3.1363305e-01  1.9630241e-01 
   570 :  9.5652510e-01  8.7212188e-01 
   571 :  3.1486328e-01  7.9157527e-01 
   572 :  1.0083076e+00  2.3538722e-01 
   573 :  1.0066941e+00  1.2463132e-01 
   574 :  1.0085165e+00  1.9143077e-01 
   575 :  1.0089068e+00  3.7201999e-01 
   576 :  9.8459987e-01  6.3149544e-01 
   577 :  1.0140903e+00  4.3553886e-01 
   578 :  1.0087310e+00  7.2012794e-01 
   579 :  2.7579063e-01  1.5224170e-01 
   580 :  6.1932226e-01  8.3069887e-01 
   581 :  3.5894083e-01  5.3547675e-01 
   582 :  5.1019712e-01  8.1727364e-01 
   583 :  3.7310845e-01  3.7585331e-01 
   584 :  8.4075392e-01  1.4215181e-01 
   585 :  9.8418204e-01  2.5643132e-01 
   586 :  3.1547101e-01  7.0581462e-01 
   587 :  3.9338365e-01  2.4026404e-01 
   588 :  9.2818741e-01  8.4015362e-01 
   589 :  3.9520109e-01  8.0234158e-01 
   590 :  5.1253710e-01  1.8134888e-01 
   591 :  8.4235751e-01  8.5797503e-01 
   592 :  4.3395905e-01  1.9244279e-01 
   593 :  9.8501701e-01  2.1114361e-01 
   594 :  2.7820451e-01  6.5518244e-01 
   595 :  9.8474987e-01  6.7642273e-01 
   596 :  4.3535400e-01  8.4595948e-01 
   597 :  9.8485307e-01  7.2289740e-01 
   598 :  9.8134386e-01  1.2310990e-01 
   599 :  9.5734545e-01  8.4506561e-01 
   600 :  3.1433910e-01  2.6163108e-01 
   601 :  3.1416986e-01  2.2291141e-01 
   602 :  8.7117873e-01  8.6142045e-01 
   603 :  3.1606197e-01  3.0405265e-01 
   604 :  6.8692176e-01  8.3907631e-01 
   605 :  8.9783886e-01  1.3995206e-01 
   606 :  7.2068748e-01  8.7416955e-01 
   607 :  7.8218270e-01  1.1899886e-01 
   608 :  7.8266553e-01  8.5047149e-01 
   609 :  9.2501709e-01  1.4357042e-01 
   610 :  3.1849733e-01  4.5217265e-01 
   611 :  7.5063645e-01  1.5229908e-01 
   612 :  6.5545338e-01  1.6457949e-01 
   613 :  5.8658886e-01  1.7263090e-01 
   614 :  9.8515608e-01  8.2581922e-01 
   615 :  5.8375660e-01  8.2640104e-01 
   616 :  9.8412916e-01  3.0305693e-01 
   617 :  1.0094997e+00  3.9408924e-01 
   618 :  9.7699554e-01  4.6884543e-01 
   619 :  1.0074782e+00  1.4741176e-01 
   620 :  3.1917496e-01  5.8274180e-01 
   621 :  9.8425299e-01  5.6360180e-01 
   622 :  9.8736683e-01  7.7695735e-01 
   623 :  7.1974810e-01  1.5632595e-01 
   624 :  3.5545873e-01  7.5562407e-01 
   625 :  9.8343345e-01  5.1727752e-01 
   626 :  9.8443660e-01  6.0900183e-01 
   627 :  9.8538097e-01  1.6877217e-01 
   628 :  9.8515998e-01  3.7356807e-01 
   629 :  9.8462378e-01  3.5015584e-01 
   630 :  9.8463943e-01  6.5381054e-01 
   631 :  9.8607233e-01  3.9633463e-01 
   632 :  9.8845925e-01  4.1850217e-01 
   633 :  6.5471077e-01  1.9739930e-01 
   634 :  9.5964246e-01  3.2638924e-01 
   635 :  6.1716055e-01  7.9707582e-01 
   636 :  9.6035996e-01  6.7720140e-01 
   637 :  8.4146101e-01  8.2961898e-01 
   638 :  3.6670132e-01  5.7428380e-01 
   639 :  9.5972832e-01  5.8583812e-01 
   640 :  3.5600835e-01  7.1423891e-01 
   641 :  3.9503975e-01  7.6241477e-01 
   642 :  9.6193034e-01  3.9824245e-01 
   643 :  9.6095975e-01  7.4966113e-01 
   644 :  3.6184729e-01  3.3492614e-01 
   645 :  9.2081520e-01  1.7138392e-01 
   646 :  4.3266594e-01  2.3139856e-01 
   647 :  7.8097621e-01  1.4854685e-01 
   648 :  7.1943242e-01  8.4302764e-01 
   649 :  3.1747604e-01  6.6548098e-01 
   650 :  9.5943006e-01  5.3954434e-01 
   651 :  9.7013969e-01  4.4476687e-01 
   652 :  4.7247999e-01  8.1235978e-01 
   653 :  9.5795758e-01  8.1911923e-01 
   654 :  8.1099304e-01  1.4516693e-01 
   655 :  4.7364955e-01  1.8656717e-01 
   656 :  6.5343378e-01  8.3494519e-01 
   657 :  5.5002332e-01  1.7684960e-01 
   658 :  3.5923318e-01  4.2465812e-01 
   659 :  3.5673659e-01  4.9457686e-01 
   660 :  5.4724949e-01  8.2195686e-01 
   661 :  7.5136256e-01  8.4679193e-01 
   662 :  8.1196627e-01  8.2524243e-01 
   663 :  8.6965583e-01  1.4035246e-01 
   664 :  7.1918846e-01  1.8747516e-01 
   665 :  8.9903860e-01  8.3652914e-01 
   666 :  6.2038506e-01  2.0220864e-01 
   667 :  3.5404664e-01  2.5133756e-01 
   668 :  4.3417214e-01  8.0736723e-01 
   669 :  9.5746128e-01  4.9305262e-01 
   670 :  9.7653877e-01  7.9923612e-01 
   671 :  9.6072150e-01  3.7450152e-01 
   672 :  9.8594298e-01  1.8951252e-01 
   673 :  9.6004208e-01  6.3137532e-01 
   674 :  9.8404648e-01  2.7959811e-01 
   675 :  9.8445091e-01  2.3355803e-01 
   676 :  9.8305621e-01  1.4697995e-01 
   677 :  3.1961573e-01  6.3583800e-01 
   678 :  2.9224769e-01  6.1898619e-01 
   679 :  9.6037107e-01  7.0100560e-01 
   680 :  6.5307098e-01  2.3018870e-01 
   681 :  9.3669192e-01  3.9966104e-01 
   682 :  3.8652899e-01  4.1412270e-01 
   683 :  8.3904303e-01  1.7065112e-01 
   684 :  9.3537232e-01  6.7731495e-01 
   685 :  8.3993341e-01  8.0112368e-01 
   686 :  9.5982121e-01  2.5471967e-01 
   687 :  3.9574206e-01  7.2270717e-01 
   688 :  3.9936334e-01  5.3416231e-01 
   689 :  5.0837879e-01  7.8121863e-01 
   690 :  5.4803722e-01  2.1224161e-01 
   691 :  4.7162153e-01  2.2417021e-01 
   692 :  7.5013444e-01  8.1651162e-01 
   693 :  4.3360568e-01  7.6901718e-01 
   694 :  4.3273606e-01  2.6982553e-01 
   695 :  9.6094768e-01  7.7349446e-01 
   696 :  9.6896049e-01  1.6933997e-01 
   697 :  3.9521597e-01  2.8052492e-01 
   698 :  8.0963658e-01  1.7410031e-01 
   699 :  7.4986065e-01  1.8260787e-01 
   700 :  9.6052057e-01  7.2513456e-01 
   701 :  3.5592930e-01  6.2492546e-01 
   702 :  3.5737393e-01  6.7341228e-01 
   703 :  3.5698458e-01  4.5453849e-01 
   704 :  5.8466745e-01  2.0710593e-01 
   705 :  6.8518513e-01  8.0726657e-01 
   706 :  5.8141024e-01  7.9193892e-01 
   707 :  8.7011194e-01  8.3335407e-01 
   708 :  4.0831915e-01  3.5623644e-01 
   709 :  7.8145152e-01  8.2085571e-01 
   710 :  9.2872550e-01  8.0716699e-01 
   711 :  6.8731068e-01  1.9246702e-01 
   712 :  8.9499145e-01  1.6854475e-01 
   713 :  9.6216804e-01  2.0765094e-01 
   714 :  9.5262973e-01  4.7085572e-01 
   715 :  9.6000559e-01  3.5045353e-01 
   716 :  9.5942577e-01  3.0225219e-01 
   717 :  6.5154889e-01  8.0221135e-01 
   718 :  9.6013437e-01  6.5404028e-01 
   719 :  9.5954479e-01  5.6273209e-01 
   720 :  9.6474221e-01  4.2138037e-01 
   721 :  3.5661636e-01  2.9267033e-01 
   722 :  9.5881658e-01  5.1607024e-01 
   723 :  9.5981496e-01  6.0866492e-01 
   724 :  9.5952867e-01  7.9591484e-01 
   725 :  9.5535914e-01  1.5179501e-01 
   726 :  6.8350849e-01  7.7545791e-01 
   727 :  4.2918827e-01  3.9788112e-01 
   728 :  9.3437947e-01  3.2575026e-01 
   729 :  7.4911177e-01  2.1298260e-01 
   730 :  9.3704371e-01  7.5090757e-01 
   731 :  4.7046340e-01  2.6137209e-01 
   732 :  3.9593309e-01  4.9373479e-01 
   733 :  8.9671597e-01  8.0754655e-01 
   734 :  8.3735971e-01  1.9922972e-01 
   735 :  5.8239512e-01  2.4152970e-01 
   736 :  6.1496375e-01  7.6354644e-01 
   737 :  7.8009101e-01  7.9123516e-01 
   738 :  4.3419657e-01  7.3125570e-01 
   739 :  4.0320443e-01  6.4486273e-01 
   740 :  9.4511593e-01  4.4835583e-01 
   741 :  9.3423336e-01  4.9089567e-01 
   742 :  9.3421047e-01  5.3833454e-01 
   743 :  9.3458729e-01  5.8519310e-01 
   744 :  4.3465004e-01  3.0555882e-01 
   745 :  4.0547543e-01  5.7286511e-01 
   746 :  3.9791141e-01  6.8322419e-01 
   747 :  5.1013290e-01  2.1793469e-01 
   748 :  5.4509063e-01  7.8671190e-01 
   749 :  3.9355682e-01  4.5298613e-01 
   750 :  7.1785944e-01  8.1202124e-01 
   751 :  9.3553913e-01  7.0183046e-01 
   752 :  6.1813699e-01  2.3577471e-01 
   753 :  8.6823880e-01  8.0503557e-01 
   754 :  8.1041353e-01  7.9618857e-01 
   755 :  8.6755361e-01  1.6872051e-01 
   756 :  6.8610537e-01  2.2451877e-01 
   757 :  9.3550198e-01  3.7504860e-01 
   758 :  9.6530555e-01  1.8525722e-01 
   759 :  9.3512967e-01  6.3077891e-01 
   760 :  9.5947301e-01  2.7836249e-01 
   761 :  7.7991930e-01  1.7815321e-01 
   762 :  3.9959871e-01  3.1878767e-01 
   763 :  4.7134980e-01  7.7536238e-01 
   764 :  9.3944653e-01  4.2429377e-01 
   765 :  9.6069855e-01  2.3109526e-01 
   766 :  9.3518077e-01  6.5356903e-01 
   767 :  9.3951060e-01  7.7433824e-01 
   768 :  9.4329393e-01  7.9171767e-01 
   769 :  9.4436556e-01  1.7829037e-01 
   770 :  9.1743127e-01  4.5836900e-01 
   771 :  6.5062436e-01  2.6297683e-01 
   772 :  4.3816667e-01  5.3377502e-01 
   773 :  9.0962008e-01  6.7588980e-01 
   774 :  9.3548592e-01  2.5281976e-01 
   775 :  8.0863311e-01  7.6694730e-01 
   776 :  4.7047283e-01  2.9686238e-01 
   777 :  8.6523412e-01  1.9699803e-01 
   778 :  5.0819858e-01  2.5423858e-01 
   779 :  5.4365580e-01  7.5184947e-01 
   780 :  7.1636636e-01  7.8103787e-01 
   781 :  4.7140300e-01  7.3912762e-01 
   782 :  9.1060267e-01  4.0093425e-01 
   783 :  7.7908066e-01  2.0774677e-01 
   784 :  4.4719785e-01  3.6555339e-01 
   785 :  4.4205882e-01  6.5881754e-01 
   786 :  8.9250084e-01  7.7913159e-01 
   787 :  4.3207155e-01  4.4963664e-01 
   788 :  8.9164387e-01  1.9689747e-01 
   789 :  5.4548839e-01  2.4773560e-01 
   790 :  4.3675231e-01  6.9449990e-01 
   791 :  5.7949405e-01  7.5769061e-01 
   792 :  7.4851421e-01  7.8622866e-01 
   793 :  6.1560358e-01  2.6929692e-01 
   794 :  6.4964350e-01  7.6950985e-01 
   795 :  7.1799489e-01  2.1874019e-01 
   796 :  8.6552165e-01  7.7669121e-01 
   797 :  9.3430673e-01  3.0125096e-01 
   798 :  9.3606349e-01  7.2646076e-01 
   799 :  9.3489649e-01  6.0814506e-01 
   800 :  8.0844875e-01  2.0317868e-01 
   801 :  9.3474215e-01  3.5037653e-01 
   802 :  9.3405122e-01  5.1447459e-01 
   803 :  9.3561233e-01  4.7406127e-01 
   804 :  9.3978627e-01  2.0326241e-01 
   805 :  9.3430557e-01  5.6188830e-01 
   806 :  9.1760747e-01  7.7761294e-01 
   807 :  3.7683556e-01  6.0183153e-01 
   808 :  6.8193376e-01  7.4349707e-01 
   809 :  8.0730907e-01  2.3216448e-01 
   810 :  6.4829588e-01  2.9581069e-01 
   811 :  4.7228079e-01  4.4946078e-01 
   812 :  9.0863591e-01  3.2546373e-01 
   813 :  5.7807918e-01  7.2354071e-01 
   814 :  4.7311666e-01  7.0406288e-01 
   815 :  7.4790675e-01  2.4351354e-01 
   816 :  6.8409377e-01  2.5660907e-01 
   817 :  4.4474200e-01  5.7429846e-01 
   818 :  8.8858944e-01  2.2431343e-01 
   819 :  9.1106003e-01  6.2934601e-01 
   820 :  9.0944992e-01  5.8514842e-01 
   821 :  9.0845248e-01  5.3739721e-01 
   822 :  5.4344896e-01  2.8309434e-01 
   823 :  7.4701403e-01  7.5584037e-01 
   824 :  7.7822630e-01  7.6139270e-01 
   825 :  5.7978151e-01  2.7599232e-01 
   826 :  4.7230035e-01  4.0520071e-01 
   827 :  5.0782337e-01  7.4585007e-01 
   828 :  9.1032540e-01  7.0134379e-01 
   829 :  8.8862725e-01  7.5181984e-01 
   830 :  8.3752803e-01  7.7218087e-01 
   831 :  8.6260145e-01  2.2514165e-01 
   832 :  5.0703241e-01  2.9018163e-01 
   833 :  4.3464182e-01  4.9270811e-01 
   834 :  9.0958349e-01  3.7558299e-01 
   835 :  6.4794956e-01  7.3671513e-01 
   836 :  9.3467602e-01  2.7701375e-01 
   837 :  9.1263578e-01  4.2740672e-01 
   838 :  9.1347492e-01  7.5200225e-01 
   839 :  4.7195180e-01  3.3089286e-01 
   840 :  9.1026189e-01  4.8746319e-01 
   841 :  9.3717466e-01  2.2824583e-01 
   842 :  4.0771972e-01  6.0924248e-01 
   843 :  4.3522089e-01  3.3121803e-01 
   844 :  4.7628568e-01  6.7091959e-01 
   845 :  9.1639459e-01  1.9929931e-01 
   846 :  8.8469191e-01  4.5713601e-01 
   847 :  6.8042143e-01  7.1139978e-01 
   848 :  5.0906904e-01  4.0000676e-01 
   849 :  8.0655380e-01  7.3747954e-01 
   850 :  5.7793212e-01  3.1038932e-01 
   851 :  8.8364396e-01  6.7301261e-01 
   852 :  4.7579934e-01  5.3564375e-01 
   853 :  4.7992910e-01  6.4709961e-01 
   854 :  6.8208098e-01  2.8875875e-01 
   855 :  5.0691044e-01  3.2563982e-01 
   856 :  8.8404485e-01  4.0229858e-01 
   857 :  8.8604397e-01  2.5081711e-01 
   858 :  4.7332901e-01  4.9432740e-01 
   859 :  6.1321796e-01  7.2999672e-01 
   860 :  7.7654053e-01  7.3143536e-01 
   861 :  6.1338084e-01  3.0289582e-01 
   862 :  8.8625252e-01  7.2511701e-01 
   863 :  5.4304169e-01  7.1751890e-01 
   864 :  7.1478783e-01  7.4984222e-01 
   865 :  7.1637676e-01  2.5006045e-01 
   866 :  9.0871047e-01  5.1280451e-01 
   867 :  9.0890351e-01  3.5051514e-01 
   868 :  8.3537500e-01  2.2801687e-01 
   869 :  7.7802395e-01  2.3751970e-01 
   870 :  9.1145898e-01  7.2643340e-01 
   871 :  9.1088666e-01  6.0790054e-01 
   872 :  4.5415015e-01  6.2071490e-01 
   873 :  9.0885046e-01  3.0078080e-01 
   874 :  4.7301702e-01  3.6565428e-01 
   875 :  5.0820846e-01  7.1139665e-01 
   876 :  8.6256217e-01  7.4843424e-01 
   877 :  9.1104451e-01  2.5126977e-01 
   878 :  9.0869968e-01  5.6147772e-01 
   879 :  9.1326100e-01  2.2581245e-01 
   880 :  9.0997972e-01  6.5123823e-01 
   881 :  6.8048770e-01  3.2095685e-01 
   882 :  8.0584854e-01  2.6112201e-01 
   883 :  8.0482657e-01  7.0817103e-01 
   884 :  8.8255794e-01  3.2676286e-01 
   885 :  6.1161756e-01  6.9612289e-01 
   886 :  5.1167786e-01  5.4152994e-01 
   887 :  4.9350290e-01  6.1252357e-01 
   888 :  6.1204576e-01  3.3632309e-01 
   889 :  5.4164908e-01  6.8331485e-01 
   890 :  7.1335116e-01  7.1852356e-01 
   891 :  8.6022297e-01  7.2077897e-01 
   892 :  8.8167974e-01  6.4306207e-01 
   893 :  8.8476153e-01  5.8655533e-01 
   894 :  8.8219584e-01  5.3706712e-01 
   895 :  7.4639844e-01  2.7412867e-01 
   896 :  8.8356389e-01  4.8518045e-01 
   897 :  5.0751977e-01  3.6145622e-01 
   898 :  7.1465093e-01  2.8146781e-01 
   899 :  6.4635102e-01  7.0376194e-01 
   900 :  8.8473867e-01  6.9866559e-01 
   901 :  8.8422344e-01  2.7656045e-01 
   902 :  5.1672677e-01  4.5026879e-01 
   903 :  4.8275059e-01  5.7524892e-01 
   904 :  5.4250985e-01  3.1821974e-01 
   905 :  8.8342325e-01  3.7687268e-01 
   906 :  7.4538465e-01  7.2515024e-01 
   907 :  8.8473227e-01  4.2914565e-01 
   908 :  5.0374559e-01  6.4648782e-01 
   909 :  9.0965947e-01  2.7629137e-01 
   910 :  8.6023506e-01  2.5259824e-01 
   911 :  5.0800711e-01  6.7841868e-01 
   912 :  8.3507006e-01  7.4328189e-01 
   913 :  8.9390144e-01  6.2678774e-01 
   914 :  6.7901140e-01  6.7931937e-01 
   915 :  8.5588483e-01  4.5684919e-01 
   916 :  5.4482737e-01  4.1298635e-01 
   917 :  8.5846282e-01  4.0344981e-01 
   918 :  5.2795932e-01  6.1202366e-01 
   919 :  8.5851034e-01  6.6779622e-01 
   920 :  8.5829228e-01  2.7921619e-01 
   921 :  7.1323612e-01  3.1292678e-01 
   922 :  6.4503367e-01  6.7102009e-01 
   923 :  6.4665370e-01  3.2864422e-01 
   924 :  5.1763481e-01  5.7685415e-01 
   925 :  5.1081051e-01  5.0276873e-01 
   926 :  8.8307481e-01  3.0205398e-01 
   927 :  5.3691869e-01  6.4820233e-01 
   928 :  7.7508432e-01  7.0141684e-01 
   929 :  8.8242134e-01  5.1174356e-01 
   930 :  5.7731661e-01  3.4463510e-01 
   931 :  5.7622906e-01  6.8910596e-01 
   932 :  8.8280888e-01  3.5197861e-01 
   933 :  7.4405302e-01  6.9442058e-01 
   934 :  8.3344403e-01  2.5624743e-01 
   935 :  7.7667141e-01  2.6728184e-01 
   936 :  8.3304189e-01  7.1477626e-01 
   937 :  8.5879760e-01  6.9355998e-01 
   938 :  8.8901551e-01  6.1009764e-01 
   939 :  8.8293168e-01  5.6197589e-01 
   940 :  5.4257294e-01  3.5347850e-01 
   941 :  8.6703562e-01  6.1618439e-01 
   942 :  6.7830556e-01  6.4767616e-01 
   943 :  6.7957109e-01  3.5322132e-01 
   944 :  7.4487222e-01  3.0475740e-01 
   945 :  5.4312981e-01  5.2054297e-01 
   946 :  7.7418917e-01  6.7143657e-01 
   947 :  5.5759895e-01  4.4660559e-01 
   948 :  5.6611092e-01  6.0896183e-01 
   949 :  8.5634143e-01  3.3064333e-01 
   950 :  6.0948825e-01  6.6161803e-01 
   951 :  5.4239756e-01  5.7824633e-01 
   952 :  8.5996652e-01  5.9004831e-01 
   953 :  8.5570335e-01  5.3784609e-01 
   954 :  6.1191987e-01  3.6949323e-01 
   955 :  8.0417854e-01  2.8974097e-01 
   956 :  8.5700621e-01  4.2888140e-01 
   957 :  5.7786207e-01  3.7763687e-01 
   958 :  7.1194012e-01  6.8704841e-01 
   959 :  8.5557235e-01  4.8501464e-01 
   960 :  8.5827498e-01  3.7987001e-01 
   961 :  8.3198550e-01  6.8667433e-01 
   962 :  7.7513519e-01  2.9692128e-01 
   963 :  8.5996971e-01  6.4743341e-01 
   964 :  5.7258941e-01  6.5300419e-01 
   965 :  8.3161514e-01  2.8382256e-01 
   966 :  5.4322647e-01  3.8912297e-01 
   967 :  8.5694354e-01  3.0544165e-01 
   968 :  8.4006153e-01  4.0344404e-01 
   969 :  8.0276338e-01  3.1786820e-01 
   970 :  7.1113223e-01  6.5567154e-01 
   971 :  8.3992373e-01  6.2764358e-01 
   972 :  5.8328761e-01  5.7722813e-01 
   973 :  6.1259609e-01  4.0263232e-01 
   974 :  7.7396002e-01  3.2629191e-01 
   975 :  7.1226600e-01  3.4445645e-01 
   976 :  7.4315804e-01  6.6365117e-01 
   977 :  6.4600704e-01  3.6147008e-01 
   978 :  8.3292693e-01  6.5879814e-01 
   979 :  5.4547609e-01  4.8440903e-01 
   980 :  8.2717617e-01  4.5722143e-01 
   981 :  6.4462447e-01  6.3923630e-01 
   982 :  8.5541457e-01  5.1199117e-01 
   983 :  8.5697687e-01  3.5592072e-01 
   984 :  8.0383398e-01  6.7906444e-01 
   985 :  5.7981414e-01  4.0958045e-01 
   986 :  8.5701720e-01  5.6372290e-01 
   987 :  8.2990020e-01  3.3710647e-01 
   988 :  8.3029413e-01  3.1094403e-01 
   989 :  6.0929494e-01  6.2767952e-01 
   990 :  5.4981618e-01  5.5169433e-01 
   991 :  7.1100023e-01  6.2446234e-01 
   992 :  7.1223981e-01  3.7621064e-01 
   993 :  6.4610753e-01  3.9459394e-01 
   994 :  7.7400295e-01  6.4152172e-01 
   995 :  8.0266467e-01  3.4547137e-01 
   996 :  5.7820183e-01  5.1183416e-01 
   997 :  6.1336078e-01  4.3655432e-01 
   998 :  8.3333646e-01  5.9288249e-01 
   999 :  8.2994113e-01  5.4020472e-01 
  1000 :  8.2636564e-01  4.2343852e-01 
  1001 :  6.7841949e-01  6.1644780e-01 
  1002 :  7.4373887e-01  3.3532638e-01 
  1003 :  8.0504681e-01  6.1987915e-01 
  1004 :  5.8138631e-01  4.4282738e-01 
  1005 :  8.3516582e-01  3.8643193e-01 
  1006 :  8.2711992e-01  4.8655550e-01 
  1007 :  6.4598292e-01  6.0871936e-01 
  1008 :  8.0431472e-01  6.4971771e-01 
  1009 :  5.7836385e-01  5.3654333e-01 
  1010 :  8.3148981e-01  3.6273361e-01 
  1011 :  6.1484998e-01  5.9678300e-01 
  1012 :  6.7905424e-01  5.8543190e-01 
  1013 :  8.1186833e-01  3.9693120e-01 
  1014 :  7.9806182e-01  4.8820997e-01 
  1015 :  6.4699863e-01  4.2867426e-01 
  1016 :  6.1300981e-01  5.0864701e-01 
  1017 :  7.4383708e-01  3.6581586e-01 
  1018 :  7.4293711e-01  6.3306171e-01 
  1019 :  6.7956178e-01  3.8582690e-01 
  1020 :  6.1403307e-01  4.7214952e-01 
  1021 :  6.2324845e-01  5.7559156e-01 
  1022 :  5.8032385e-01  4.7790876e-01 
  1023 :  8.2799859e-01  5.1461513e-01 
  1024 :  7.9906500e-01  4.5953630e-01 
  1025 :  8.0538788e-01  3.7205129e-01 
  1026 :  7.7416873e-01  3.5530604e-01 
  1027 :  7.7441243e-01  6.1171585e-01 
  1028 :  8.3145434e-01  5.6548765e-01 
  1029 :  8.0518802e-01  5.9023959e-01 
  1030 :  7.7063076e-01  4.8674675e-01 
  1031 :  6.5717780e-01  5.0873295e-01 
  1032 :  6.8075409e-01  4.1934674e-01 
  1033 :  7.1154187e-01  5.9371482e-01 
  1034 :  7.4598762e-01  3.9659357e-01 
  1035 :  8.1118066e-01  5.4331836e-01 
  1036 :  7.7628466e-01  5.8228445e-01 
  1037 :  6.4992354e-01  4.6503060e-01 
  1038 :  6.0857661e-01  5.4901530e-01 
  1039 :  7.8505617e-01  4.0974414e-01 
  1040 :  7.9512080e-01  4.3372028e-01 
  1041 :  6.4743518e-01  5.7905615e-01 
  1042 :  7.7720670e-01  3.8375288e-01 
  1043 :  7.4349867e-01  6.0267924e-01 
  1044 :  7.9642705e-01  5.2322212e-01 
  1045 :  8.0728667e-01  5.6261131e-01 
  1046 :  6.9463972e-01  4.8857271e-01 
  1047 :  7.6316051e-01  5.1306128e-01 
  1048 :  7.1309260e-01  5.6257467e-01 
  1049 :  7.5334357e-01  4.3084694e-01 
  1050 :  6.8491633e-01  4.5418435e-01 
  1051 :  7.4576696e-01  5.7205506e-01 
  1052 :  6.4827944e-01  5.4819317e-01 
  1053 :  7.1415635e-01  4.0871847e-01 
  1054 :  7.7301573e-01  4.6141944e-01 
  1055 :  6.8105801e-01  5.5477859e-01 
  1056 :  7.7469078e-01  4.4241897e-01 
  1057 :  7.8214901e-01  5.5342759e-01 
  1058 :  7.5197484e-01  4.8312976e-01 
  1059 :  7.2426747e-01  4.7338435e-01 
  1060 :  7.1519031e-01  5.2461860e-01 
  1061 :  7.1800700e-01  4.4182877e-01 
  1062 :  7.4983438e-01  4.6378399e-01 
  1063 :  7.5282574e-01  5.4132217e-01 
  1064 :  6.8426413e-01  5.3052259e-01 
  1065 :  7.3939849e-01  4.9772625e-01 
Number of edges 128 
     0 :      0      4 
     1 :      4      5 
     2 :      5      6 
     3 :      6      7 
     4 :      7      8 
     5 :      8      9 
     6 :      9     10 
     7 :     10     11 
     8 :     11     12 
     9 :     12     13 
    10 :     13     14 
    11 :     14     15 
    12 :     15     16 
    13 :     16     17 
    14 :     17     18 
    15 :     18     19 
    16 :     19     20 
    17 :     20     21 
    18 :     21     22 
    19 :     22     23 
    20 :     23     24 
    21 :     24     25 
    22 :     25     26 
    23 :     26     27 
    24 :     27     28 
    25 :     28     29 
    26 :     29     30 
    27 :     30     31 
    28 :     31     32 
    29 :     32      1 
    30 :      1     33 
    31 :     33     34 
    32 :     34     35 
    33 :     35     36 
    34 :     36     37 
    35 :     37     38 
    36 :     38     39 
    37 :     39     40 
    38 :     40     41 
    39 :     41     42 
    40 :     42     43 
    41 :     43     44 
    42 :     44     45 
    43 :     45     46 
    44 :     46     47 
    45 :     47     48 
    46 :     48     49 
    47 :     49     50 
    48 :     50     51 
    49 :     51     52 
    50 :     52     53 
    51 :     53     54 
    52 :     54     55 
    53 :     55     56 
    54 :     56     57 
    55 :     57     58 
    56 :     58     59 
    57 :     59     60 
    58 :     60     61 
    59 :     61     62 
    60 :     62     63 
    61 :     63     64 
    62 :     64     65 
    63 :     65     66 
    64 :     66     67 
    65 :     67     68 
    66 :     68     69 
    67 :     69     70 
    68 :     70     71 
    69 :     71     72 
    70 :     72     73 
    71 :     73     74 
    72 :     74     75 
    73 :     75     76 
    74 :     76     77 
    75 :     77      2 
    76 :      2     78 
    77 :     78     79 
    78 :     79     80 
    79 :     80     81 
    80 :     81     82 
    81 :     82     83 
    82 :     83     84 
    83 :     84     85 
    84 :     85     86 
    85 :     86     87 
    86 :     87     88 
    87 :     88     89 
    88 :     89     90 
    89 :     90     91 
    90 :     91     92 
    91 :     92     93 
    92 :     93     94 
    93 :     94     95 
    94 :     95     96 
    95 :     96     97 
    96 :     97     98 
    97 :     98     99 
    98 :     99    100 
    99 :    100    101 
   100 :    101    102 
   101 :    102    103 
   102 :    103    104 
   103 :    104    105 
   104 :    105    106 
   105 :    106      3 
   106 :      3    107 
   107 :    107    108 
   108 :    108    109 
   109 :    109    110 
   110 :    110    111 
   111 :    111    112 
   112 :    112    113 
   113 :    113    114 
   114 :    114    115 
   115 :    115    116 
   116 :    116    117 
   117 :    117    118 
   118 :    118    119 
   119 :    119    120 
   120 :    120    121 
   121 :    121    122 
   122 :    122    123 
   123 :    123    124 
   124 :    124    125 
   125 :    125    126 
   126 :    126    127 
   127 :    127      0 
Number of quads 1001 
     0 :   1018    991   1033   1043
     1 :    840    896    846    770
     2 :    739    785    790    746
     3 :    598    676    725    530
     4 :   1041   1021   1038   1052
     5 :    480    543    571    481
     6 :    746    702    701    739
     7 :   1061   1059   1046   1050
     8 :    570    531    588    599
     9 :    530    469    547    598
    10 :    518    416    570    484
    11 :   1050   1046   1031   1037
    12 :    835    859    885    899
    13 :    994   1018   1043   1027
    14 :    923    977    954    888
    15 :    692    750    780    792
    16 :    706    748    779    791
    17 :    415    478    547    427
    18 :    614    653    724    670
    19 :    710    733    786    806
    20 :    724    653    710    768
    21 :    426    343    416    518
    22 :    687    640    702    746
    23 :    732    659    703    749
    24 :    652    668    693    763
    25 :   1053   1061   1050   1032
    26 :   1019   1032   1015    993
    27 :    931    889    927    964
    28 :   1038   1021   1011    972
    29 :    573    598    547    478
    30 :    665    707    753    733
    31 :    640    586    649    702
    32 :   1037   1031   1016   1020
    33 :    991   1001   1012   1033
    34 :    855    897    874    839
    35 :    589    546    624    641
    36 :   1062   1058   1065   1059
    37 :    807    701    620    638
    38 :    550    657    590    537
    39 :    971    963    919    978
    40 :    993   1015    997    973
    41 :    351    284    148    399
    42 :    852    858    925    886
    43 :   1020   1016    996   1022
    44 :    570    416    492    531
    45 :   1043   1033   1048   1051
    46 :    697    762    644    721
    47 :    684    751    828    773
    48 :    787    727    826    811
    49 :    781    738    790    814
    50 :    540    487    546    589
    51 :    983    960   1005   1010
    52 :    907    846    915    956
    53 :    667    721    603    600
    54 :    547    469    370    427
    55 :    738    687    746    790
    56 :    514    429    346    425
    57 :   1025   1013   1039   1042
    58 :   1036   1051   1063   1057
    59 :    591    602    499    554
    60 :    827    781    814    875
    61 :    545    527    502    406
    62 :    586    548    594    649
    63 :    349    481    425    350
    64 :    787    749    682    727
    65 :    748    706    615    660
    66 :    811    858    833    787
    67 :   1032   1050   1037   1015
    68 :    212    279    214    215
    69 :   1045   1057   1044   1035
    70 :    631    642    671    628
    71 :    543    624    546    571
    72 :    429    428    281    356
    73 :    765    841    804    713
    74 :    282    188    240    298
    75 :    341    285    363    426
    76 :    791    779    863    813
    77 :    558    606    648    661
    78 :    976    970    991   1018
    79 :   1002   1017    992    975
    80 :    408    488    540    596
    81 :    785    844    814    790
    82 :    813    863    889    931
    83 :    406    482    603    545
    84 :    722    802    741    669
    85 :    406    339    373    482
    86 :    841    774    877    879
    87 :    415    427    357    284
    88 :    527    545    644    583
    89 :    603    482    556    600
    90 :    883    928    946    984
    91 :    864    808    847    890
    92 :    553    433    489    549
    93 :    674    760    686    585
    94 :    597    532    643    700
    95 :    458    518    484    453
    96 :    723    799    743    639
    97 :    926    884    949    967
    98 :    721    644    545    603
    99 :    655    691    646    592
   100 :    600    556    483    601
   101 :    581    638    620    533
   102 :    434    490    539    557
   103 :    727    682    583    708
   104 :    205    299    222    132
   105 :    967    949    987    988
   106 :    425    346    279    350
   107 :    481    571    514    425
   108 :    619    676    598    573
   109 :    339    371    314    302
   110 :    488    408    273    359
   111 :    426    363    305    343
   112 :   1015   1037   1020    997
   113 :    652    582    557    539
   114 :    200    167    268    170
   115 :    703    659    562    610
   116 :    750    692    661    648
   117 :    490    434    307    360
   118 :    519    575    628    629
   119 :    562    533    404    497
   120 :    538    552    445    493
   121 :    520    476    576    626
   122 :    886    990    951    924
   123 :   1008    994   1027   1003
   124 :    792    780    864    823
   125 :    168    266    331    224
   126 :    556    482    373    441
   127 :    900    851    773    828
   128 :    574    672    627    536
   129 :    623    566    496    553
   130 :    347    160    182    352
   131 :    917    956   1000    968
   132 :   1061   1053   1034   1049
   133 :    747    778    731    691
   134 :    606    558    444    494
   135 :    301    228    171    354
   136 :    331    399    148    224
   137 :    719    805    742    650
   138 :    789    822    832    778
   139 :    461    392    476    520
   140 :    215    248    149    212
   141 :    350    315    304    349
   142 :    862    891    937    900
   143 :    788    818    831    777
   144 :    398    458    453    388
   145 :    858    852    772    833
   146 :    641    624    640    687
   147 :    530    491    437    469
   148 :    724    768    767    695
   149 :    375    438    473    492
   150 :    268    167    225    326
   151 :    397    511    400    396
   152 :    663    755    683    584
   153 :    289    367    419    440
   154 :    156    169    248    215
   155 :    169    156    105    106
   156 :    457    516    515    447
   157 :    218    205    132    179
   158 :   1042   1039   1049   1034
   159 :   1022    996    945    979
   160 :    507    574    536    409
   161 :    833    772    688    732
   162 :    513    619    573    411
   163 :    823    864    890    906
   164 :    924    951    948    918
   165 :    417    355    275    485
   166 :    150    233    363    285
   167 :      1     33    168     32
   168 :    302    223    142    303
   169 :    326    225    150    285
   170 :    173    231    148    284
   171 :    229    280    354    171
   172 :    755    777    734    683
   173 :    304    232    139    355
   174 :    102    103    221    145
   175 :    564    510    595    630
   176 :    855    832    822    904
   177 :    462    572    468    449
   178 :    215    214    178    156
   179 :    100    101    226    172
   180 :     79     80    225    167
   181 :    217    216    153    175
   182 :    606    559    604    648
   183 :    517    577    544    413
   184 :    159    244    289    312
   185 :     98     99    230    136
   186 :    223    302    314    180
   187 :     81     82    233    150
   188 :     96     97    235    157
   189 :    957    985    916    966
   190 :     83     84    237    144
   191 :     94     95    238    177
   192 :    172    226    281    359
   193 :    305    316    375    343
   194 :     86     87    244    159
   195 :     92     93    245    129
   196 :    773    851    892    880
   197 :    390    508    459    321
   198 :    236    357    209    138
   199 :    228    301    211    143
   200 :     88     89    246    134
   201 :    313    369    444    436
   202 :    157    235    307    362
   203 :    158      5      6    219
   204 :    670    724    695    622
   205 :     90     91    247    176
   206 :    177    238    271    364
   207 :    958    914    942    970
   208 :    599    588    710    653
   209 :    136    230    273    360
   210 :    492    473    563    531
   211 :    134    246    313    367
   212 :    419    436    501    465
   213 :    977    993    973    954
   214 :    271    362    405    493
   215 :    129    245    309    366
   216 :    232    304    315    185
   217 :    176    247    270    369
   218 :    354    421    340    301
   219 :    330    398    388    286
   220 :    818    857    910    831
   221 :    832    855    839    776
   222 :    270    366    401    494
   223 :    756    816    771    680
   224 :    733    753    796    786
   225 :    309    364    445    435
   226 :    432    472    500    345
   227 :    401    435    464    559
   228 :    241    291    202    161
   229 :    890    847    914    958
   230 :    921    975    943    881
   231 :    849    860    928    883
   232 :    144    237    316    305
   233 :    552    538    615    580
   234 :    680    633    711    756
   235 :    630    595    636    718
   236 :    486    537    467    421
   237 :    914    922    981    942
   238 :    970    942   1001    991
   239 :    152      7      8    220
   240 :    912    849    883    936
   241 :    327    450    392    293
   242 :    691    731    694    646
   243 :   1017   1002    974   1026
   244 :    985   1004    947    916
   245 :    148     30     31    224
   246 :    602    591    637    707
   247 :    886    924    903    852
   248 :    726    794    835    808
   249 :    555    592    534    472
   250 :    996   1009    990    945
   251 :    440    419    465    554
   252 :    389    507    409    318
   253 :    380    513    411    278
   254 :    649    594    678    677
   255 :    189      4      5    158
   256 :    145    221    288    356
   257 :    323    397    396    317
   258 :    143     10     11    228
   259 :    964    927    918    948
   260 :    732    688    581    659
   261 :    173     28     29    231
   262 :    989    948    972   1011
   263 :    372    218    314    371
   264 :    386    506    456    292
   265 :    610    562    497    442
   266 :    171     12     13    229
   267 :    328    451    393    325
   268 :    158    217    175    189
   269 :    441    373    303    210
   270 :    138     26     27    236
   271 :    549    611    623    553
   272 :    539    596    668    652
   273 :    135     14     15    234
   274 :    183      9     10    143
   275 :    804    845    645    769
   276 :    385    457    447    294
   277 :    154     23     24    239
   278 :    174     21     22    242
   279 :    130     19     20    243
   280 :    161     17     18    241
   281 :    186     25     26    138
   282 :    187     16     17    161
   283 :    778    832    776    731
   284 :    302    303    373    339
   285 :    387    462    449    276
   286 :    975    921    944   1002
   287 :    887    918    927    908
   288 :    527    583    682    658
   289 :    391    517    413    277
   290 :    414    594    548    485
   291 :    688    772    817    745
   292 :    485    548    480    417
   293 :    772    852    903    817
   294 :    784    874    826    727
   295 :    219    287    217    158
   296 :    532    597    578    477
   297 :    902    848    966    916
   298 :    240    153    216    298
   299 :    372    442    497    272
   300 :    902    979    945    925
   301 :    404    533    620    479
   302 :    355    417    349    304
   303 :    414    485    275    347
   304 :    179    180    314    218
   305 :    371    502    442    372
   306 :   1051   1048   1060   1063
   307 :    222    299    352    182
   308 :    908    911    844    853
   309 :    441    210    282    382
   310 :    181    210    303    142
   311 :    483    418    569    601
   312 :    160    347    275    227
   313 :    583    644    762    708
   314 :    984    961    936    883
   315 :    205    218    372    272
   316 :    500    569    418    521
   317 :   1033   1012   1055   1048
   318 :    227    275    355    139
   319 :    298    344    382    282
   320 :    188    282    210    181
   321 :    900    937    919    851
   322 :    964    950    885    931
   323 :    299    205    272    342
   324 :    149    185    315    212
   325 :    858    811    902    925
   326 :    266    155    213    331
   327 :    846    896    959    915
   328 :    622    695    643    532
   329 :    682    749    703    658
   330 :    969    995   1026    974
   331 :    178    104    105    156
   332 :    887    872    817    903
   333 :    624    543    586    640
   334 :    200     78     79    167
   335 :    287    219    152    353
   336 :     78    200     77      2
   337 :    283    220    183    306
   338 :    184     85     86    159
   339 :    262    381    322    198
   340 :    533    562    659    581
   341 :    666    523    612    633
   342 :    635    717    656    580
   343 :    295    452    395    329
   344 :    257    390    321    196
   345 :    104    178    221    103
   346 :    895    944    921    898
   347 :    254    379    320    193
   348 :    214    288    221    178
   349 :    527    610    442    502
   350 :    889    911    908    927
   351 :    260    295    329    197
   352 :    727    708    843    784
   353 :    345    306    211    432
   354 :    261    380    278    141
   355 :    481    349    417    480
   356 :    179    132    117    118
   357 :    180    179    118    119
   358 :    223    180    119    120
   359 :    702    649    677    701
   360 :    222    182    115    116
   361 :    132    222    116    117
   362 :    745    638    581    688
   363 :    181    142    121    122
   364 :    142    223    120    121
   365 :    182    160    114    115
   366 :    250    323    317    128
   367 :    227    139    112    113
   368 :    160    227    113    114
   369 :    253    378    319    192
   370 :    188    181    122    123
   371 :    356    281    226    145
   372 :    139    232    111    112
   373 :    430    353    283    423
   374 :    240    188    123    124
   375 :    102    145    226    101
   376 :    232    185    110    111
   377 :    472    432    340    555
   378 :    185    149    109    110
   379 :    153    240    124    125
   380 :    338    308    209    437
   381 :    251    391    277    163
   382 :     81    150    225     80
   383 :    175    153    125    126
   384 :    249    385    294    190
   385 :    816    854    810    771
   386 :    100    172    230     99
   387 :    359    273    230    172
   388 :    421    354    280    486
   389 :    537    486    420    550
   390 :    264    394    296    199
   391 :    305    363    233    144
   392 :    582    652    763    689
   393 :    735    704    666    752
   394 :    300    239    186    308
   395 :    994   1008    984    946
   396 :    360    307    235    136
   397 :    483    382    344    418
   398 :    358    433    446    291
   399 :    665    588    531    563
   400 :    521    423    345    500
   401 :     98    136    235     97
   402 :     83    144    233     82
   403 :    149    248    108    109
   404 :    690    657    613    704
   405 :    310    234    187    311
   406 :    420    374    310    443
   407 :    362    271    238    157
   408 :    207    316    237    184
   409 :    592    555    467    655
   410 :    541    495    431    560
   411 :    433    358    290    489
   412 :    554    499    335    440
   413 :     96    157    238     95
   414 :    549    489    412    607
   415 :    466    439    338    561
   416 :    189    175    126    127
   417 :    412    368    274    495
   418 :    431    365    300    439
   419 :     85    184    237     84
   420 :    777    755    712    788
   421 :    605    561    491    609
   422 :    474    443    361    498
   423 :    367    289    244    134
   424 :    441    382    483    556
   425 :    364    309    245    177
   426 :    274    242    154    365
   427 :    291    241    130    358
   428 :    793    752    680    771
   429 :    633    612    566    711
   430 :    584    560    466    663
   431 :    361    311    202    332
   432 :    692    709    608    661
   433 :    647    607    541    654
   434 :    335    438    207    312
   435 :    290    243    174    368
   436 :    369    313    246    176
   437 :    604    656    717    705
   438 :    523    498    403    612
   439 :     94    177    245     93
   440 :    691    655    590    747
   441 :    366    270    247    129
   442 :     88    134    244     87
   443 :    737    754    662    709
   444 :    707    665    563    602
   445 :    106      3    107    169
   446 :    248    169    107    108
   447 :    698    654    584    683
   448 :    756    711    664    795
   449 :    427    370    209    357
   450 :    898    865    815    895
   451 :    268    326    297    267
   452 :    687    738    693    641
   453 :     90    176    246     89
   454 :    823    824    737    792
   455 :    499    473    438    335
   456 :    438    375    316    207
   457 :    809    800    734    868
   458 :     92    129    247     91
   459 :    721    667    587    697
   460 :    860    849    775    824
   461 :    589    641    693    668
   462 :    962    935    882    955
   463 :    582    660    470    557
   464 :    494    444    369    270
   465 :    434    405    362    307
   466 :    436    419    367    313
   467 :    558    501    436    444
   468 :    922    914    847    899
   469 :    993    977    943   1019
   470 :    596    539    490    408
   471 :    493    445    364    271
   472 :    660    615    538    470
   473 :    830    796    753    685
   474 :    608    529    465    501
   475 :   1018    994    946    976
   476 :    435    401    366    309
   477 :    778    747    690    789
   478 :   1032   1019    992   1053
   479 :    653    614    535    599
   480 :    933    928    860    906
   481 :    580    656    464    552
   482 :    551    500    472    534
   483 :    931    885    859    813
   484 :    697    587    646    694
   485 :    916    947    979    902
   486 :    957    930    888    954
   487 :    706    635    580    615
   488 :    775    830    685    754
   489 :    352    299    342    424
   490 :    826    848    902    811
   491 :    827    779    748    689
   492 :    656    604    559    464
   493 :   1060   1064   1031   1046
   494 :    859    835    794    736
   495 :    394    509    455    296
   496 :    822    789    735    825
   497 :    925    945    990    886
   498 :    662    637    591    529
   499 :    897    855    904    940
   500 :    428    429    514    487
   501 :    701    677    678    620
   502 :    607    647    611    549
   503 :    749    787    833    732
   504 :   1022   1004    997   1020
   505 :    168     33     34    266
   506 :    315    350    279    212
   507 :      4    189    127      0
   508 :    685    753    707    637
   509 :   1038    972    990   1009
   510 :    540    589    668    596
   511 :    470    538    493    405
   512 :    497    404    342    272
   513 :    546    487    514    571
   514 :    888    861    810    923
   515 :    940    904    850    930
   516 :    342    404    479    424
   517 :   1011   1021   1041   1007
   518 :    936    891    876    912
   519 :    918    887    903    924
   520 :    744    694    731    776
   521 :    708    762    744    843
   522 :    794    726    705    717
   523 :    610    527    658    703
   524 :    979    947   1004   1022
   525 :    850    825    793    861
   526 :    730    767    806    838
   527 :    958    933    906    890
   528 :    985    957    954    973
   529 :   1000   1013   1005    968
   530 :      7    152    219      6
   531 :    966    940    930    957
   532 :    376    333    402    503
   533 :    974    962    955    969
   534 :    980   1006   1014   1024
   535 :    854    816    865    898
   536 :    908    853    872    887
   537 :    339    406    502    371
   538 :    944    895    935    962
   539 :    377    337    410    504
   540 :      9    183    220      8
   541 :    135    374    280    229
   542 :   1064   1060   1048   1055
   543 :     32    168    224     31
   544 :    143    211    306    183
   545 :    922    950    989    981
   546 :   1052   1055   1012   1041
   547 :    408    490    360    273
   548 :    942    981   1007   1001
   549 :    301    340    432    211
   550 :     12    171    228     11
   551 :    428    488    359    281
   552 :    220    283    353    152
   553 :    421    467    555    340
   554 :     30    148    231     29
   555 :    523    666    704    613
   556 :     14    135    229     13
   557 :    374    420    486    280
   558 :    474    613    657    550
   559 :    469    437    209    370
   560 :    633    680    752    666
   561 :    443    474    550    420
   562 :    435    445    552    464
   563 :     28    173    236     27
   564 :    332    202    291    446
   565 :    424    479    620    678
   566 :     16    187    234     15
   567 :    901    909    873    926
   568 :    343    375    492    416
   569 :    138    209    308    186
   570 :    729    815    865    795
   571 :    881    943    977    923
   572 :    306    345    423    283
   573 :     25    186    239     24
   574 :    473    499    602    563
   575 :    623    664    711    566
   576 :    645    845    788    712
   577 :    405    434    557    470
   578 :    948    951    990    972
   579 :    234    310    374    135
   580 :    809    882    935    869
   581 :    844    785    872    853
   582 :    537    590    655    467
   583 :     23    154    242     22
   584 :    854    881    923    810
   585 :    588    665    733    710
   586 :    534    587    667    551
   587 :    184    159    312    207
   588 :    161    202    311    187
   589 :    236    173    284    357
   590 :    216    217    287    348
   591 :    311    361    443    310
   592 :    332    403    498    361
   593 :    831    910    934    868
   594 :     19    130    241     18
   595 :     21    174    243     20
   596 :    501    558    661    608
   597 :    498    523    613    474
   598 :    365    431    495    274
   599 :    170    268    267    151
   600 :    243    290    358    130
   601 :    368    412    489    290
   602 :    679    700    798    751
   603 :    529    608    709    662
   604 :    495    541    607    412
   605 :    808    835    899    847
   606 :    308    338    439    300
   607 :    699    729    795    664
   608 :    242    274    368    174
   609 :    312    289    440    335
   610 :    439    466    560    431
   611 :    637    662    754    685
   612 :    975    992   1019    943
   613 :    754    737    824    775
   614 :    709    692    792    737
   615 :    239    300    365    154
   616 :    437    491    561    338
   617 :    962    974   1002    944
   618 :    496    566    612    403
   619 :    561    605    663    466
   620 :    560    584    654    541
   621 :    635    706    791    736
   622 :    725    609    491    530
   623 :    683    734    800    698
   624 :    928    933    976    946
   625 :    800    809    869    783
   626 :    657    690    747    590
   627 :    605    712    755    663
   628 :    609    645    712    605
   629 :    777    831    868    734
   630 :    899    885    950    922
   631 :    265    384    269    201
   632 :   1017   1034   1053    992
   633 :    848    826    874    897
   634 :    654    698    761    647
   635 :    824    823    906    860
   636 :    796    830    912    876
   637 :    484    570    599    535
   638 :    344    579    521    418
   639 :    704    735    789    690
   640 :    600    601    551    667
   641 :    137    324    390    257
   642 :    881    854    898    921
   643 :    622    568    614    670
   644 :    265    320    383    384
   645 :    698    800    783    761
   646 :    839    843    744    776
   647 :   1054   1062   1049   1056
   648 :    587    534    592    646
   649 :    716    797    836    760
   650 :    503    616    674    567
   651 :    377    504    568    452
   652 :    616    716    760    674
   653 :    423    521    579    430
   654 :    376    503    567    451
   655 :    825    850    904    822
   656 :    816    756    795    865
   657 :    797    873    909    836
   658 :   1010   1005   1013   1025
   659 :    487    540    488    428
   660 :    905    960    983    932
   661 :    834    905    932    867
   662 :    861    888    930    850
   663 :    757    834    867    801
   664 :    671    757    801    715
   665 :    771    810    861    793
   666 :   1062   1054   1030   1058
   667 :    752    793    825    735
   668 :    334    459    471    510
   669 :    848    897    940    966
   670 :   1065   1058   1030   1047
   671 :    963    892    851    919
   672 :    892    913    819    880
   673 :    880    819    759    766
   674 :   1028    999    953    986
   675 :    938    871    819    913
   676 :    871    799    759    819
   677 :    986    953    894    939
   678 :   1005    960    917    968
   679 :   1028    986    952    998
   680 :   1023    982    953    999
   681 :   1040   1000    980   1024
   682 :    249     54     55    128
   683 :    250    128     55     56
   684 :    986    939    893    952
   685 :    939    894    821    878
   686 :    982    929    894    953
   687 :    674    585    475    567
   688 :    907    837    770    846
   689 :    939    878    820    893
   690 :    929    866    821    894
   691 :    675    593    468    572
   692 :    960    905    856    917
   693 :    251     52     53    190
   694 :    249    190     53     54
   695 :    758    672    593    713
   696 :    905    834    782    856
   697 :    723    626    576    673
   698 :    250     56     57    162
   699 :    252     50     51    163
   700 :    251    163     51     52
   701 :    799    723    673    759
   702 :    700    679    528    597
   703 :    870    798    730    838
   704 :    801    728    634    715
   705 :    834    757    681    782
   706 :    253     48     49    147
   707 :    252    147     49     50
   708 :    719    650    542    621
   709 :    938    893    820    871
   710 :    254    193     59     60
   711 :    675    572    475    585
   712 :    797    716    634    728
   713 :    617    506    413    544
   714 :    719    621    525    639
   715 :    722    625    542    650
   716 :    878    821    742    805
   717 :    878    805    743    820
   718 :    386    292    147    252
   719 :    714    618    565    669
   720 :    715    634    526    629
   721 :    672    574    468    593
   722 :    616    503    402    526
   723 :    866    802    742    821
   724 :    629    526    402    519
   725 :    716    616    526    634
   726 :    253    192     47     48
   727 :    506    386    277    413
   728 :    621    505    454    525
   729 :    722    669    565    625
   730 :    386    252    163    277
   731 :    256     45     46    165
   732 :    254     60     61    131
   733 :    255    131     61     62
   734 :    378    253    147    292
   735 :    451    328    203    376
   736 :    625    511    422    542
   737 :    619    513    409    536
   738 :    618    516    400    565
   739 :    564    450    334    510
   740 :    255     62     63    164
   741 :    328    325    133    256
   742 :    621    542    422    505
   743 :    379    254    131    293
   744 :   1000    956    915    980
   745 :    625    565    400    511
   746 :    258     43     44    133
   747 :    256    133     44     45
   748 :    257    196     64     65
   749 :    509    394    278    411
   750 :    450    327    204    334
   751 :    507    389    276    449
   752 :    723    639    525    626
   753 :    257     65     66    137
   754 :    387    258    133    325
   755 :    871    820    743    799
   756 :    387    276    194    258
   757 :    529    591    554    465
   758 :    327    293    131    255
   759 :    956    917    856    907
   760 :    259     41     42    194
   761 :    258    194     42     43
   762 :    505    422    269    384
   763 :    508    390    324    448
   764 :    389    318    166    259
   765 :    452    295    208    377
   766 :    511    397    269    422
   767 :    907    856    782    837
   768 :    260    197     68     69
   769 :    389    259    194    276
   770 :    261     39     40    166
   771 :    259    166     40     41
   772 :    323    250    162    201
   773 :    880    766    684    773
   774 :    739    842    872    785
   775 :    380    261    166    318
   776 :   1023   1006    959    982
   777 :    264     37     38    141
   778 :    261    141     38     39
   779 :    260     69     70    140
   780 :    262    198     71     72
   781 :    837    782    681    764
   782 :    798    700    643    730
   783 :    982    959    896    929
   784 :    262     72     73    146
   785 :    263    146     73     74
   786 :    509    478    415    455
   787 :    330    263    151    267
   788 :    324    137    195    206
   789 :    327    255    164    204
   790 :    970    976    933    958
   791 :    757    671    642    681
   792 :    329    206    195    197
   793 :    328    256    165    203
   794 :    618    714    740    651
   795 :    381    262    146    286
   796 :    295    260    140    208
   797 :    263     74     75    151
   798 :    385    249    128    317
   799 :    504    410    522    535
   800 :    330    286    146    263
   801 :    264    199     36     37
   802 :    391    251    190    294
   803 :   1003   1027   1036   1029
   804 :   1027   1043   1051   1036
   805 :    745    817    872    842
   806 :    519    402    333    460
   807 :    266     34     35    155
   808 :    617    575    456    506
   809 :   1054   1024   1014   1030
   810 :    397    323    201    269
   811 :    576    630    718    673
   812 :    519    460    456    575
   813 :    200    170     76     77
   814 :    736    791    813    859
   815 :    505    384    383    454
   816 :    296    213    155    199
   817 :    564    476    392    450
   818 :    998    971   1003   1029
   819 :    567    475    393    451
   820 :    494    401    559    606
   821 :    544    577    524    632
   822 :    394    264    141    278
   823 :    516    618    651    524
   824 :    720    632    524    651
   825 :    568    512    395    452
   826 :    520    454    383    461
   827 :    929    896    840    866
   828 :    729    699    761    783
   829 :    726    780    750    705
   830 :    454    520    626    525
   831 :    399    331    213    351
   832 :    572    462    393    475
   833 :    736    794    717    635
   834 :    522    410    337    463
   835 :   1047   1030   1014   1044
   836 :    870    828    751    798
   837 :   1000   1040   1039   1013
   838 :    911    889    863    875
   839 :    448    477    578    508
   840 :    285    341    297    326
   841 :   1004    985    973    997
   842 :    460    333    319    378
   843 :    983    949    884    932
   844 :    595    510    471    528
   845 :    461    383    320    379
   846 :    407    512    568    622
   847 :    500    551    601    569
   848 :    593    675    765    713
   849 :    909    877    774    836
   850 :    341    426    518    458
   851 :    597    528    471    578
   852 :    932    884    812    867
   853 :    926    873    812    884
   854 :    457    385    317    396
   855 :    463    337    322    381
   856 :   1049   1039   1040   1056
   857 :   1024   1054   1056   1040
   858 :    517    391    294    447
   859 :    622    532    477    407
   860 :    460    378    292    456
   861 :    995   1025   1042   1026
   862 :    758    696    627    672
   863 :    403    332    446    496
   864 :    725    676    627    696
   865 :    843    839    874    784
   866 :    329    395    336    206
   867 :    513    380    318    409
   868 :    203    319    333    376
   869 :    516    457    396    400
   870 :    836    774    686    760
   871 :    959   1006    980    915
   872 :    841    765    686    774
   873 :     57     58    191    162
   874 :    395    512    407    336
   875 :     58     59    193    191
   876 :     46     47    192    165
   877 :    568    504    535    614
   878 :    208    322    337    377
   879 :    191    265    201    162
   880 :     63     64    196    164
   881 :    433    553    496    446
   882 :    206    336    448    324
   883 :    193    320    265    191
   884 :     66     67    195    137
   885 :    689    748    660    582
   886 :    192    319    203    165
   887 :     67     68    197    195
   888 :    196    321    204    164
   889 :    296    455    351    213
   890 :    334    204    321    459
   891 :     70     71    198    140
   892 :    779    827    875    863
   893 :    198    322    208    140
   894 :    398    330    267    297
   895 :    715    629    628    671
   896 :    648    604    705    750
   897 :    867    812    728    801
   898 :    461    379    293    392
   899 :    873    797    728    812
   900 :    577    517    447    515
   901 :     35     36    199    155
   902 :     75     76    170    151
   903 :   1059   1061   1049   1062
   904 :    895    815    869    935
   905 :    462    387    325    393
   906 :    815    729    783    869
   907 :    769    758    713    804
   908 :    632    631    617    544
   909 :    882    809    868    934
   910 :    901    926    967    920
   911 :    849    912    830    775
   912 :    892    963    971    941
   913 :    679    636    595    528
   914 :    765    675    585    686
   915 :    803    714    669    741
   916 :    805    719    639    743
   917 :    802    722    650    742
   918 :    676    619    536    627
   919 :    730    643    695    767
   920 :    463    381    286    388
   921 :    574    507    449    468
   922 :    478    509    411    573
   923 :    988    965    920    967
   924 :    999   1035   1044   1023
   925 :   1006   1023   1044   1014
   926 :   1028    998   1029   1045
   927 :    477    448    336    407
   928 :   1055   1052   1031   1064
   929 :   1011   1007    981    989
   930 :    870    838    829    862
   931 :    516    524    577    515
   932 :    458    398    297    341
   933 :    522    463    388    453
   934 :    763    693    738    781
   935 :    535    522    453    484
   936 :    876    829    786    796
   937 :    971    978   1008   1003
   938 :    642    720    764    681
   939 :    910    920    965    934
   940 :    804    841    879    845
   941 :    651    740    764    720
   942 :    636    684    766    718
   943 :    673    718    766    759
   944 :    543    480    548    586
   945 :   1034   1017   1026   1042
   946 :    866    840    741    802
   947 :    948    989    950    964
   948 :    781    827    689    763
   949 :    808    864    780    726
   950 :    969    955    965    988
   951 :    578    471    459    508
   952 :    857    901    920    910
   953 :    978    919    937    961
   954 :   1041   1012   1001   1007
   955 :    609    725    769    645
   956 :    911    875    814    844
   957 :    788    845    879    818
   958 :    353    430    348    287
   959 :    955    882    934    965
   960 :    837    764    740    770
   961 :    714    803    770    740
   962 :    891    936    961    937
   963 :   1025    995    987   1010
   964 :    909    901    857    877
   965 :    356    288    346    429
   966 :    631    628    575    617
   967 :    630    576    476    564
   968 :    720    642    631    632
   969 :    829    876    891    862
   970 :   1031   1052   1038   1016
   971 :    647    761    699    611
   972 :   1044   1057   1063   1047
   973 :    288    214    279    346
   974 :    710    806    767    768
   975 :    638    745    842    807
   976 :   1047   1063   1060   1065
   977 :    664    623    611    699
   978 :    828    870    862    900
   979 :    701    807    842    739
   980 :   1010    987    949    983
   981 :    284    351    455    415
   982 :    751    684    636    679
   983 :   1008    978    961    984
   984 :   1045   1035    999   1028
   985 :    838    806    786    829
   986 :    938    913    892    941
   987 :   1016   1038   1009    996
   988 :    758    769    725    696
   989 :    818    879    877    857
   990 :    995    969    988    987
   991 :    298    216    348    344
   992 :    430    579    344    348
   993 :    347    352    424    414
   994 :    594    414    424    678
   995 :    694    744    762    697
   996 :    741    840    770    803
   997 :    893    938    941    952
   998 :    998    952    941    971
   999 :   1029   1036   1057   1045
  1000 :   1046   1059   1065   1060
Number of domains 4
  Domain :      0 
  Name : Bottom
  Number of elements :     30
     0     1     2     3     4     5     6     7     8     9
    10    11    12    13    14    15    16    17    18    19
    20    21    22    23    24    25    26    27    28    29
  Domain :      1 
  Name : Entity 1 
  Number of elements :     46
    30    31    32    33    34    35    36    37    38    39
    40    41    42    43    44    45    46    47    48    49
    50    51    52    53    54    55    56    57    58    59
    60    61    62    63    64    65    66    67    68    69
    70    71    72    73    74    75
  Domain :      2 
  Name : Entity 2 
  Number of elements :     30
    76    77    78    79    80    81    82    83    84    85
    86    87    88    89    90    91    92    93    94    95
    96    97    98    99   100   101   102   103   104   105
  Domain :      3 
  Name : Entity 3 
  Number of elements :     22
   106   107   108   109   110   111   112   113   114   115
   116   117   118   119   120   121   122   123   124   125
   126   127
