Number of nodes 389 
     0 : -4.0000000e+00  8.5000000e-01 
     1 : -3.7500000e+00  8.5000000e-01 
     2 :  5.3500000e+00  1.5000000e+00 
     3 :  4.3500000e+00  6.0000000e+00 
     4 :  4.0000000e+00  6.0000000e+00 
     5 : -4.2165899e-01  5.0691244e+00 
     6 : -5.0000000e-01  5.5000000e+00 
     7 : -1.0000000e+00  5.5000000e+00 
     8 : -9.1907514e-01  5.0549133e+00 
     9 : -4.0000000e+00  1.5000000e+00 
    10 : -3.7500000e+00  9.3750000e-01 
    11 :  0.0000000e+00  0.0000000e+00 
    12 :  5.0000000e-01  0.0000000e+00 
    13 :  4.3666667e+00  4.3500000e+00 
    14 :  5.0000000e+00  1.5000000e+00 
    15 : -9.4117647e-02  5.1764706e-01 
    16 : -3.7500000e+00  1.2031250e+00 
    17 : -3.7500000e+00  1.2857143e+00 
    18 : -8.3870968e-01  4.6129032e+00 
    19 : -3.3695652e-01  4.6032609e+00 
    20 :  4.0657895e+00  5.7039474e+00 
    21 :  4.2772277e+00  4.7524752e+00 
    22 :  4.1596639e-01  4.6218487e-01 
    23 :  5.2973684e+00  1.7368421e+00 
    24 :  5.2447368e+00  1.9736842e+00 
    25 :  5.1921053e+00  2.2105263e+00 
    26 :  5.1394737e+00  2.4473684e+00 
    27 :  5.0868421e+00  2.6842105e+00 
    28 :  5.0342105e+00  2.9210526e+00 
    29 :  4.9815789e+00  3.1578947e+00 
    30 :  4.9289474e+00  3.3947368e+00 
    31 :  4.8763158e+00  3.6315789e+00 
    32 :  4.8236842e+00  3.8684211e+00 
    33 :  4.7710526e+00  4.1052632e+00 
    34 :  4.7184211e+00  4.3421053e+00 
    35 :  4.6657895e+00  4.5789474e+00 
    36 :  4.6131579e+00  4.8157895e+00 
    37 :  4.5605263e+00  5.0526316e+00 
    38 :  4.5078947e+00  5.2894737e+00 
    39 :  4.4552632e+00  5.5263158e+00 
    40 :  4.4026316e+00  5.7631579e+00 
    41 :  4.1750000e+00  6.0000000e+00 
    42 :  3.7672811e+00  5.9510065e+00 
    43 :  3.5345622e+00  5.9020131e+00 
    44 :  3.3018433e+00  5.8530196e+00 
    45 :  3.0691244e+00  5.8040262e+00 
    46 :  2.8364055e+00  5.7550327e+00 
    47 :  2.6036866e+00  5.7060393e+00 
    48 :  2.3709677e+00  5.6570458e+00 
    49 :  2.1382488e+00  5.6080524e+00 
    50 :  1.9055300e+00  5.5590589e+00 
    51 :  1.6728111e+00  5.5100655e+00 
    52 :  1.4400922e+00  5.4610720e+00 
    53 :  1.2073733e+00  5.4120786e+00 
    54 :  9.7465438e-01  5.3630851e+00 
    55 :  7.4193548e-01  5.3140917e+00 
    56 :  5.0921659e-01  5.2650982e+00 
    57 :  2.7649770e-01  5.2161048e+00 
    58 :  4.3778802e-02  5.1671113e+00 
    59 : -1.8894009e-01  5.1181179e+00 
    60 : -4.6082949e-01  5.2845622e+00 
    61 : -7.5000000e-01  5.5000000e+00 
    62 : -9.5953757e-01  5.2774566e+00 
    63 : -1.0812291e+00  4.8678126e+00 
    64 : -1.2433830e+00  4.6807119e+00 
    65 : -1.4055370e+00  4.4936112e+00 
    66 : -1.5676909e+00  4.3065105e+00 
    67 : -1.7298448e+00  4.1194098e+00 
    68 : -1.8919988e+00  3.9323091e+00 
    69 : -2.0541527e+00  3.7452084e+00 
    70 : -2.2163067e+00  3.5581077e+00 
    71 : -2.3784606e+00  3.3710070e+00 
    72 : -2.5406145e+00  3.1839063e+00 
    73 : -2.7027685e+00  2.9968056e+00 
    74 : -2.8649224e+00  2.8097049e+00 
    75 : -3.0270764e+00  2.6226042e+00 
    76 : -3.1892303e+00  2.4355035e+00 
    77 : -3.3513842e+00  2.2484028e+00 
    78 : -3.5135382e+00  2.0613021e+00 
    79 : -3.6756921e+00  1.8742014e+00 
    80 : -3.8378461e+00  1.6871007e+00 
    81 : -4.0000000e+00  1.2833333e+00 
    82 : -4.0000000e+00  1.0666667e+00 
    83 : -3.5156250e+00  8.7890625e-01 
    84 : -3.2812500e+00  8.2031250e-01 
    85 : -3.0468750e+00  7.6171875e-01 
    86 : -2.8125000e+00  7.0312500e-01 
    87 : -2.5781250e+00  6.4453125e-01 
    88 : -2.3437500e+00  5.8593750e-01 
    89 : -2.1093750e+00  5.2734375e-01 
    90 : -1.8750000e+00  4.6875000e-01 
    91 : -1.6406250e+00  4.1015625e-01 
    92 : -1.4062500e+00  3.5156250e-01 
    93 : -1.1718750e+00  2.9296875e-01 
    94 : -9.3750000e-01  2.3437500e-01 
    95 : -7.0312500e-01  1.7578125e-01 
    96 : -4.6875000e-01  1.1718750e-01 
    97 : -2.3437500e-01  5.8593750e-02 
    98 :  2.5000000e-01  0.0000000e+00 
    99 :  6.6111111e-01  1.8125000e-01 
   100 :  8.2222222e-01  3.6250000e-01 
   101 :  9.8333333e-01  5.4375000e-01 
   102 :  1.1444444e+00  7.2500000e-01 
   103 :  1.3055556e+00  9.0625000e-01 
   104 :  1.4666667e+00  1.0875000e+00 
   105 :  1.6277778e+00  1.2687500e+00 
   106 :  1.7888889e+00  1.4500000e+00 
   107 :  1.9500000e+00  1.6312500e+00 
   108 :  2.1111111e+00  1.8125000e+00 
   109 :  2.2722222e+00  1.9937500e+00 
   110 :  2.4333333e+00  2.1750000e+00 
   111 :  2.5944444e+00  2.3562500e+00 
   112 :  2.7555556e+00  2.5375000e+00 
   113 :  2.9166667e+00  2.7187500e+00 
   114 :  3.0777778e+00  2.9000000e+00 
   115 :  3.2388889e+00  3.0812500e+00 
   116 :  3.4000000e+00  3.2625000e+00 
   117 :  3.5611111e+00  3.4437500e+00 
   118 :  3.7222222e+00  3.6250000e+00 
   119 :  3.8833333e+00  3.8062500e+00 
   120 :  4.0444444e+00  3.9875000e+00 
   121 :  4.2055556e+00  4.1687500e+00 
   122 :  4.4194444e+00  4.1125000e+00 
   123 :  4.4722222e+00  3.8750000e+00 
   124 :  4.5250000e+00  3.6375000e+00 
   125 :  4.5777778e+00  3.4000000e+00 
   126 :  4.6305556e+00  3.1625000e+00 
   127 :  4.6833333e+00  2.9250000e+00 
   128 :  4.7361111e+00  2.6875000e+00 
   129 :  4.7888889e+00  2.4500000e+00 
   130 :  4.8416667e+00  2.2125000e+00 
   131 :  4.8944444e+00  1.9750000e+00 
   132 :  4.9472222e+00  1.7375000e+00 
   133 :  5.1750000e+00  1.5000000e+00 
   134 : -3.3784314e-01  5.6334559e-01 
   135 : -5.8156863e-01  6.0904412e-01 
   136 : -8.2529412e-01  6.5474265e-01 
   137 : -1.0690196e+00  7.0044118e-01 
   138 : -1.3127451e+00  7.4613971e-01 
   139 : -1.5564706e+00  7.9183824e-01 
   140 : -1.8001961e+00  8.3753676e-01 
   141 : -2.0439216e+00  8.8323529e-01 
   142 : -2.2876471e+00  9.2893382e-01 
   143 : -2.5313725e+00  9.7463235e-01 
   144 : -2.7750980e+00  1.0203309e+00 
   145 : -3.0188235e+00  1.0660294e+00 
   146 : -3.2625490e+00  1.1117279e+00 
   147 : -3.5062745e+00  1.1574265e+00 
   148 : -3.5882616e+00  1.4705581e+00 
   149 : -3.4265233e+00  1.6554019e+00 
   150 : -3.2647849e+00  1.8402458e+00 
   151 : -3.1030466e+00  2.0250896e+00 
   152 : -2.9413082e+00  2.2099334e+00 
   153 : -2.7795699e+00  2.3947773e+00 
   154 : -2.6178315e+00  2.5796211e+00 
   155 : -2.4560932e+00  2.7644649e+00 
   156 : -2.2943548e+00  2.9493088e+00 
   157 : -2.1326165e+00  3.1341526e+00 
   158 : -1.9708781e+00  3.3189964e+00 
   159 : -1.8091398e+00  3.5038402e+00 
   160 : -1.6474014e+00  3.6886841e+00 
   161 : -1.4856631e+00  3.8735279e+00 
   162 : -1.3239247e+00  4.0583717e+00 
   163 : -1.1621864e+00  4.2432156e+00 
   164 : -1.0004480e+00  4.4280594e+00 
   165 : -7.9491015e-01  4.3720058e+00 
   166 : -7.5111062e-01  4.1311084e+00 
   167 : -7.0731108e-01  3.8902110e+00 
   168 : -6.6351155e-01  3.6493135e+00 
   169 : -6.1971202e-01  3.4084161e+00 
   170 : -5.7591249e-01  3.1675187e+00 
   171 : -5.3211296e-01  2.9266213e+00 
   172 : -4.8831343e-01  2.6857239e+00 
   173 : -4.4451390e-01  2.4448264e+00 
   174 : -4.0071437e-01  2.2039290e+00 
   175 : -3.5691483e-01  1.9630316e+00 
   176 : -3.1311530e-01  1.7221342e+00 
   177 : -2.6931577e-01  1.4812367e+00 
   178 : -2.2551624e-01  1.2403393e+00 
   179 : -1.8171671e-01  9.9944190e-01 
   180 : -1.3791718e-01  7.5854448e-01 
   181 : -1.0523305e-01  4.6611917e+00 
   182 :  1.2649043e-01  4.7191226e+00 
   183 :  3.5821390e-01  4.7770535e+00 
   184 :  5.8993737e-01  4.8349843e+00 
   185 :  8.2166085e-01  4.8929152e+00 
   186 :  1.0533843e+00  4.9508461e+00 
   187 :  1.2851078e+00  5.0087769e+00 
   188 :  1.5168313e+00  5.0667078e+00 
   189 :  1.7485547e+00  5.1246387e+00 
   190 :  1.9802782e+00  5.1825696e+00 
   191 :  2.2120017e+00  5.2405004e+00 
   192 :  2.4437252e+00  5.2984313e+00 
   193 :  2.6754486e+00  5.3563622e+00 
   194 :  2.9071721e+00  5.4142930e+00 
   195 :  3.1388956e+00  5.4722239e+00 
   196 :  3.3706191e+00  5.5301548e+00 
   197 :  3.6023425e+00  5.5880856e+00 
   198 :  3.8340660e+00  5.6460165e+00 
   199 :  4.1186490e+00  5.4660793e+00 
   200 :  4.1715086e+00  5.2282113e+00 
   201 :  4.2243682e+00  4.9903433e+00 
   202 :  4.1163418e+00  4.5737131e+00 
   203 :  3.9554559e+00  4.3949510e+00 
   204 :  3.7945701e+00  4.2161890e+00 
   205 :  3.6336842e+00  4.0374269e+00 
   206 :  3.4727983e+00  3.8586648e+00 
   207 :  3.3119124e+00  3.6799027e+00 
   208 :  3.1510265e+00  3.5011406e+00 
   209 :  2.9901406e+00  3.3223785e+00 
   210 :  2.8292547e+00  3.1436164e+00 
   211 :  2.6683688e+00  2.9648543e+00 
   212 :  2.5074829e+00  2.7860922e+00 
   213 :  2.3465971e+00  2.6073301e+00 
   214 :  2.1857112e+00  2.4285680e+00 
   215 :  2.0248253e+00  2.2498059e+00 
   216 :  1.8639394e+00  2.0710438e+00 
   217 :  1.7030535e+00  1.8922817e+00 
   218 :  1.5421676e+00  1.7135196e+00 
   219 :  1.3812817e+00  1.5347575e+00 
   220 :  1.2203958e+00  1.3559954e+00 
   221 :  1.0595099e+00  1.1772333e+00 
   222 :  8.9862405e-01  9.9847117e-01 
   223 :  7.3773816e-01  8.1970907e-01 
   224 :  5.7685228e-01  6.4094697e-01 
   225 :  3.7167680e-01  7.0577758e-01 
   226 :  3.2738722e-01  9.4937029e-01 
   227 :  2.8309764e-01  1.1929630e+00 
   228 :  2.3880806e-01  1.4365557e+00 
   229 :  1.9451847e-01  1.6801484e+00 
   230 :  1.5022889e-01  1.9237411e+00 
   231 :  1.0593931e-01  2.1673338e+00 
   232 :  6.1649724e-02  2.4109265e+00 
   233 :  1.7360141e-02  2.6545192e+00 
   234 : -2.6929442e-02  2.8981119e+00 
   235 : -7.1219025e-02  3.1417046e+00 
   236 : -1.1550861e-01  3.3852973e+00 
   237 : -1.5979819e-01  3.6288900e+00 
   238 : -2.0408777e-01  3.8724828e+00 
   239 : -2.4837736e-01  4.1160755e+00 
   240 : -2.9266694e-01  4.3596682e+00 
   241 :  1.4104045e-01  1.9632995e-01 
   242 : -5.9704572e-01  5.1595261e+00 
   243 : -5.8905460e-01  4.9263479e+00 
   244 : -2.5873276e-01  4.8558146e+00 
   245 : -3.0349844e-02  4.9169699e+00 
   246 : -5.8752536e-01  4.5477758e+00 
   247 :  1.8445369e-01  5.5603662e-01 
   248 :  2.0897475e-02  9.1537551e-01 
   249 : -5.2058756e-01  4.0485912e+00 
   250 : -3.8792719e-02  1.3987195e+00 
   251 : -4.3298850e-01  3.5667963e+00 
   252 : -1.2639178e-01  1.8805144e+00 
   253 : -3.6722407e-01  3.0874806e+00 
   254 : -2.3310888e-01  2.3526352e+00 
   255 : -2.0430146e-01  2.7388889e+00 
   256 : -2.9258990e-01  3.0219674e-01 
   257 : -3.7897872e+00  1.4898870e+00 
   258 :  1.9997283e-01  4.9724110e+00 
   259 : -5.2557425e-01  3.6260134e-01 
   260 :  3.4747822e-01  2.1887484e-01 
   261 :  6.6261930e-01  5.0781956e+00 
   262 : -3.6534647e+00  1.0627110e+00 
   263 :  8.9786042e-01  5.1312862e+00 
   264 : -5.7903405e-01  4.2910876e+00 
   265 : -2.8450429e-03  1.1565474e+00 
   266 : -4.7678803e-01  3.8076938e+00 
   267 : -8.2592251e-02  1.6396170e+00 
   268 : -3.8918897e-01  3.3258989e+00 
   269 : -1.7019131e-01  2.1214118e+00 
   270 : -7.6283430e-01  4.1719849e-01 
   271 : -1.0039438e+00  4.6664658e-01 
   272 :  1.1312031e+00  5.1857661e+00 
   273 : -3.7811724e+00  1.0688654e+00 
   274 :  4.3274295e-01  5.0239746e+00 
   275 : -1.2395238e+00  5.2042034e-01 
   276 :  1.3634029e+00  5.2392334e+00 
   277 :  1.5954675e+00  5.2925756e+00 
   278 : -1.4758796e+00  5.7393807e-01 
   279 :  1.8271525e+00  5.3450231e+00 
   280 : -8.4125127e-01  4.8337173e+00 
   281 : -3.8617785e+00  1.1778414e+00 
   282 : -1.7159992e+00  6.2628678e-01 
   283 :  2.0602737e+00  5.4012303e+00 
   284 : -3.8755321e+00  9.7442980e-01 
   285 :  2.2921215e+00  5.4543612e+00 
   286 : -1.9548226e+00  6.7804454e-01 
   287 :  2.5239724e+00  5.5074779e+00 
   288 :  3.9151551e+00  5.8258093e+00 
   289 :  2.7558265e+00  5.5605792e+00 
   290 : -4.6419459e-01  4.7638766e+00 
   291 : -6.6414710e-01  4.7369242e+00 
   292 :  4.4725792e+00  4.6687836e+00 
   293 :  6.3172363e-01  4.2569406e-01 
   294 :  7.8422182e-01  6.0617687e-01 
   295 :  9.4518208e-01  7.8971005e-01 
   296 : -7.6164442e-01  5.2483202e+00 
   297 :  1.1058934e+00  9.6907260e-01 
   298 :  2.9876840e+00  5.6136641e+00 
   299 :  1.2666023e+00  1.1482467e+00 
   300 : -2.1934324e+00  7.2969453e-01 
   301 :  1.4273197e+00  1.3274049e+00 
   302 :  1.5880459e+00  1.5065547e+00 
   303 :  1.7487813e+00  1.6856963e+00 
   304 :  1.9095259e+00  1.8648297e+00 
   305 :  2.0702798e+00  2.0439546e+00 
   306 :  2.2310432e+00  2.2230710e+00 
   307 :  2.3918161e+00  2.4021788e+00 
   308 :  2.5525987e+00  2.5812779e+00 
   309 :  2.7133911e+00  2.7603682e+00 
   310 :  2.8740885e+00  2.9387671e+00 
   311 : -7.0451473e-02  2.4502341e-01 
   312 :  3.0349111e+00  3.1178806e+00 
   313 :  3.1956458e+00  3.2962916e+00 
   314 :  3.3565066e+00  3.4754924e+00 
   315 :  3.5172935e+00  3.6540354e+00 
   316 :  3.6781969e+00  3.8333857e+00 
   317 :  3.8390583e+00  4.0122874e+00 
   318 :  4.0000112e+00  4.1919057e+00 
   319 :  4.1605194e+00  4.3712624e+00 
   320 :  3.2195453e+00  5.6667311e+00 
   321 :  4.4198826e+00  4.9024840e+00 
   322 :  5.1065033e+00  1.6617174e+00 
   323 :  4.2479180e+00  5.8450171e+00 
   324 :  4.2540013e+00  5.6209649e+00 
   325 :  4.3672185e+00  5.1391565e+00 
   326 :  4.3124226e+00  5.3783669e+00 
   327 : -3.8757451e+00  1.3627553e+00 
   328 :  4.5359827e-02  7.1058363e-01 
   329 :  3.4520321e+00  5.7188016e+00 
   330 : -3.6319303e+00  1.6721723e+00 
   331 : -3.4701501e+00  1.8574904e+00 
   332 : -1.0351115e+00  4.6446052e+00 
   333 : -2.4320091e+00  7.8131604e-01 
   334 : -3.3082519e+00  2.0431530e+00 
   335 : -3.1463361e+00  2.2288749e+00 
   336 : -2.9844194e+00  2.4146084e+00 
   337 : -1.2047849e+00  4.4480354e+00 
   338 : -2.8225046e+00  2.6003456e+00 
   339 : -1.3668610e+00  4.2624498e+00 
   340 : -2.6605921e+00  2.7860852e+00 
   341 : -1.5286163e+00  4.0773484e+00 
   342 : -2.4986820e+00  2.9718270e+00 
   343 : -1.6903664e+00  3.8922756e+00 
   344 : -2.3367743e+00  3.1575708e+00 
   345 : -1.8521252e+00  3.7072119e+00 
   346 : -2.1748689e+00  3.3433167e+00 
   347 : -2.0129119e+00  3.5294469e+00 
   348 :  3.6839657e+00  5.7721983e+00 
   349 :  4.0807725e+00  5.8749547e+00 
   350 :  5.0933640e+00  1.8573077e+00 
   351 : -2.6705834e+00  8.3292081e-01 
   352 : -2.8874464e-01  2.5467951e+00 
   353 :  5.0472798e+00  2.0874969e+00 
   354 :  4.9957045e+00  2.3234526e+00 
   355 :  4.9432139e+00  2.5603693e+00 
   356 :  4.8905704e+00  2.7974461e+00 
   357 :  4.8379013e+00  3.0345495e+00 
   358 :  4.7852276e+00  3.2716574e+00 
   359 :  4.7325531e+00  3.5087659e+00 
   360 :  4.5443763e+00  4.4276977e+00 
   361 :  4.3154736e+00  4.5340549e+00 
   362 :  4.6798781e+00  3.7458745e+00 
   363 :  4.6272028e+00  3.9829830e+00 
   364 :  4.5745273e+00  4.2200915e+00 
   365 : -3.4793788e-01  2.8876421e+00 
   366 :  2.2925440e-01  3.6575985e-01 
   367 :  6.4877949e-02  3.8837093e-01 
   368 : -7.4161423e-01  5.0445649e+00 
   369 : -2.9091607e+00  8.8450904e-01 
   370 : -6.1004168e-01  5.3536469e+00 
   371 : -5.5950003e-02  2.2657536e+00 
   372 : -1.0447715e-01  2.5018354e+00 
   373 : -1.9425647e-01  2.9936258e+00 
   374 : -1.1012689e-02  2.0238877e+00 
   375 : -3.1477424e+00  9.3607864e-01 
   376 : -2.3413913e-01  3.2320843e+00 
   377 :  3.2956698e-02  1.7818971e+00 
   378 : -2.7611860e-01  3.4738027e+00 
   379 :  7.6769161e-02  1.5398866e+00 
   380 : -4.4272054e-01  4.4365269e+00 
   381 : -3.1947096e-01  3.7169572e+00 
   382 :  1.1925122e-01  1.2976611e+00 
   383 :  2.0144552e-01  8.1024117e-01 
   384 : -3.6352959e-01  3.9590983e+00 
   385 :  1.5820567e-01  1.0536931e+00 
   386 : -4.0781934e-01  4.2018413e+00 
   387 : -3.3586461e+00  9.7535064e-01 
   388 :  5.1623800e-01  2.6752500e-01 
Number of edges 241 
     0 :      0      1 
     1 :      2     23 
     2 :     23     24 
     3 :     24     25 
     4 :     25     26 
     5 :     26     27 
     6 :     27     28 
     7 :     28     29 
     8 :     29     30 
     9 :     30     31 
    10 :     31     32 
    11 :     32     33 
    12 :     33     34 
    13 :     34     35 
    14 :     35     36 
    15 :     36     37 
    16 :     37     38 
    17 :     38     39 
    18 :     39     40 
    19 :     40      3 
    20 :      3     41 
    21 :     41      4 
    22 :      4     42 
    23 :     42     43 
    24 :     43     44 
    25 :     44     45 
    26 :     45     46 
    27 :     46     47 
    28 :     47     48 
    29 :     48     49 
    30 :     49     50 
    31 :     50     51 
    32 :     51     52 
    33 :     52     53 
    34 :     53     54 
    35 :     54     55 
    36 :     55     56 
    37 :     56     57 
    38 :     57     58 
    39 :     58     59 
    40 :     59      5 
    41 :      5     60 
    42 :     60      6 
    43 :      6     61 
    44 :     61      7 
    45 :      7     62 
    46 :     62      8 
    47 :      8     63 
    48 :     63     64 
    49 :     64     65 
    50 :     65     66 
    51 :     66     67 
    52 :     67     68 
    53 :     68     69 
    54 :     69     70 
    55 :     70     71 
    56 :     71     72 
    57 :     72     73 
    58 :     73     74 
    59 :     74     75 
    60 :     75     76 
    61 :     76     77 
    62 :     77     78 
    63 :     78     79 
    64 :     79     80 
    65 :     80      9 
    66 :      9     81 
    67 :     81     82 
    68 :     82      0 
    69 :      1     10 
    70 :     10     83 
    71 :     83     84 
    72 :     84     85 
    73 :     85     86 
    74 :     86     87 
    75 :     87     88 
    76 :     88     89 
    77 :     89     90 
    78 :     90     91 
    79 :     91     92 
    80 :     92     93 
    81 :     93     94 
    82 :     94     95 
    83 :     95     96 
    84 :     96     97 
    85 :     97     11 
    86 :     11     98 
    87 :     98     12 
    88 :     12     99 
    89 :     99    100 
    90 :    100    101 
    91 :    101    102 
    92 :    102    103 
    93 :    103    104 
    94 :    104    105 
    95 :    105    106 
    96 :    106    107 
    97 :    107    108 
    98 :    108    109 
    99 :    109    110 
   100 :    110    111 
   101 :    111    112 
   102 :    112    113 
   103 :    113    114 
   104 :    114    115 
   105 :    115    116 
   106 :    116    117 
   107 :    117    118 
   108 :    118    119 
   109 :    119    120 
   110 :    120    121 
   111 :    121     13 
   112 :     13    122 
   113 :    122    123 
   114 :    123    124 
   115 :    124    125 
   116 :    125    126 
   117 :    126    127 
   118 :    127    128 
   119 :    128    129 
   120 :    129    130 
   121 :    130    131 
   122 :    131    132 
   123 :    132     14 
   124 :     14    133 
   125 :    133      2 
   126 :     15    134 
   127 :    134    135 
   128 :    135    136 
   129 :    136    137 
   130 :    137    138 
   131 :    138    139 
   132 :    139    140 
   133 :    140    141 
   134 :    141    142 
   135 :    142    143 
   136 :    143    144 
   137 :    144    145 
   138 :    145    146 
   139 :    146    147 
   140 :    147     16 
   141 :     16     17 
   142 :     17    148 
   143 :    148    149 
   144 :    149    150 
   145 :    150    151 
   146 :    151    152 
   147 :    152    153 
   148 :    153    154 
   149 :    154    155 
   150 :    155    156 
   151 :    156    157 
   152 :    157    158 
   153 :    158    159 
   154 :    159    160 
   155 :    160    161 
   156 :    161    162 
   157 :    162    163 
   158 :    163    164 
   159 :    164     18 
   160 :     18    165 
   161 :    165    166 
   162 :    166    167 
   163 :    167    168 
   164 :    168    169 
   165 :    169    170 
   166 :    170    171 
   167 :    171    172 
   168 :    172    173 
   169 :    173    174 
   170 :    174    175 
   171 :    175    176 
   172 :    176    177 
   173 :    177    178 
   174 :    178    179 
   175 :    179    180 
   176 :    180     15 
   177 :     19    181 
   178 :    181    182 
   179 :    182    183 
   180 :    183    184 
   181 :    184    185 
   182 :    185    186 
   183 :    186    187 
   184 :    187    188 
   185 :    188    189 
   186 :    189    190 
   187 :    190    191 
   188 :    191    192 
   189 :    192    193 
   190 :    193    194 
   191 :    194    195 
   192 :    195    196 
   193 :    196    197 
   194 :    197    198 
   195 :    198     20 
   196 :     20    199 
   197 :    199    200 
   198 :    200    201 
   199 :    201     21 
   200 :     21    202 
   201 :    202    203 
   202 :    203    204 
   203 :    204    205 
   204 :    205    206 
   205 :    206    207 
   206 :    207    208 
   207 :    208    209 
   208 :    209    210 
   209 :    210    211 
   210 :    211    212 
   211 :    212    213 
   212 :    213    214 
   213 :    214    215 
   214 :    215    216 
   215 :    216    217 
   216 :    217    218 
   217 :    218    219 
   218 :    219    220 
   219 :    220    221 
   220 :    221    222 
   221 :    222    223 
   222 :    223    224 
   223 :    224     22 
   224 :     22    225 
   225 :    225    226 
   226 :    226    227 
   227 :    227    228 
   228 :    228    229 
   229 :    229    230 
   230 :    230    231 
   231 :    231    232 
   232 :    232    233 
   233 :    233    234 
   234 :    234    235 
   235 :    235    236 
   236 :    236    237 
   237 :    237    238 
   238 :    238    239 
   239 :    239    240 
   240 :    240     19 
Number of triangles 539 
     0 :    148    257     17
     1 :      5    290    244
     2 :      5    244     59
     3 :      2     23    133
     4 :     16    262    147
     5 :    243    290      5
     6 :      8    368    296
     7 :     10    284      1
     8 :     62     61      7
     9 :    244    245     59
    10 :    256    259     96
    11 :     97    256     96
    12 :     62    296     61
    13 :     17    281     16
    14 :    134    259    256
    15 :    296    368    242
    16 :      8    296     62
    17 :    256    311     15
    18 :     23    322    133
    19 :    311    367     15
    20 :     17    327    281
    21 :    147    262     83
    22 :    135    259    134
    23 :     19    290    246
    24 :    182    258    245
    25 :    184    274    183
    26 :    257    327     17
    27 :    183    258    182
    28 :    181    245    244
    29 :    182    245    181
    30 :    243    368    280
    31 :    183    274    258
    32 :    135    270    259
    33 :    280    291    243
    34 :     56    261     55
    35 :    136    270    135
    36 :     59    245     58
    37 :    281    284    273
    38 :     99    388     12
    39 :    245    258     58
    40 :     12    388    260
    41 :    261    263     55
    42 :    262    273     10
    43 :    263    272     54
    44 :    186    272    263
    45 :     63    332    280
    46 :     16    273    262
    47 :    246    380     19
    48 :      9    257     80
    49 :    247    328     15
    50 :    261    274    184
    51 :     55    263     54
    52 :    136    271    270
    53 :     58    258     57
    54 :     13    364    360
    55 :    122    364     13
    56 :    123    363    122
    57 :    363    364    122
    58 :    280    332     18
    59 :    124    362    123
    60 :    137    271    136
    61 :    362    363    123
    62 :    187    272    186
    63 :    125    359    124
    64 :    359    362    124
    65 :    181    244     19
    66 :     56    274    261
    67 :    126    358    125
    68 :    290    291    246
    69 :    172    352    255
    70 :    358    359    125
    71 :    255    365    172
    72 :     12    260     98
    73 :    127    357    126
    74 :    357    358    126
    75 :    128    356    127
    76 :    356    357    127
    77 :    129    355    128
    78 :    355    356    128
    79 :    225    247     22
    80 :    130    354    129
    81 :    354    355    129
    82 :    187    276    272
    83 :     98    241     11
    84 :    134    256     15
    85 :    131    353    130
    86 :    353    354    130
    87 :    185    263    261
    88 :    165    264    246
    89 :    186    263    185
    90 :    165    246     18
    91 :     98    260    241
    92 :    188    276    187
    93 :    234    255    233
    94 :    166    264    165
    95 :     20    324    323
    96 :    185    261    184
    97 :      3    323     40
    98 :    249    264    166
    99 :    171    253    170
   100 :    170    268    169
   101 :    169    251    168
   102 :    174    254    173
   103 :    176    252    175
   104 :    175    269    174
   105 :    179    265    178
   106 :    168    266    167
   107 :    177    267    176
   108 :    178    250    177
   109 :    180    248    179
   110 :    167    249    166
   111 :     57    274     56
   112 :    258    274     57
   113 :     14    322    132
   114 :    251    266    168
   115 :    174    269    254
   116 :    176    267    252
   117 :    167    266    249
   118 :    178    265    250
   119 :    253    268    170
   120 :    169    268    251
   121 :    248    265    179
   122 :    252    269    175
   123 :    250    267    177
   124 :     15    367    247
   125 :     96    259     95
   126 :     95    270     94
   127 :     60    242      5
   128 :     94    271     93
   129 :    188    277    276
   130 :    137    275    271
   131 :     54    272     53
   132 :    259    270     95
   133 :    270    271     94
   134 :    189    277    188
   135 :    138    275    137
   136 :     83    387    147
   137 :     63    280      8
   138 :    148    330    257
   139 :    323    349     20
   140 :    272    276     53
   141 :    100    293     99
   142 :    271    275     93
   143 :    242    243      5
   144 :    257    330     80
   145 :     93    275     92
   146 :    189    279    277
   147 :    101    294    100
   148 :     53    276     52
   149 :     97    311    256
   150 :    100    294    293
   151 :    292    361    360
   152 :    190    279    189
   153 :     42    288      4
   154 :    102    295    101
   155 :    132    350    131
   156 :    101    295    294
   157 :    276    277     52
   158 :    103    297    102
   159 :    102    297    295
   160 :    275    278     92
   161 :     52    277     51
   162 :    190    283    279
   163 :     92    278     91
   164 :    104    299    103
   165 :    138    278    275
   166 :    103    299    297
   167 :    139    278    138
   168 :    191    283    190
   169 :    277    279     51
   170 :    105    301    104
   171 :    104    301    299
   172 :    350    353    131
   173 :    106    302    105
   174 :     51    279     50
   175 :    105    302    301
   176 :    191    285    283
   177 :     15    328    180
   178 :    255    372    233
   179 :    278    282     91
   180 :    107    303    106
   181 :    106    303    302
   182 :    192    285    191
   183 :    279    283     50
   184 :     91    282     90
   185 :    108    304    107
   186 :    324    326     39
   187 :    173    352    172
   188 :    107    304    303
   189 :    172    365    171
   190 :    225    383    247
   191 :     50    283     49
   192 :    140    282    139
   193 :    199    326    324
   194 :    109    305    108
   195 :    139    282    278
   196 :    192    287    285
   197 :    108    305    304
   198 :    110    306    109
   199 :    283    285     49
   200 :    234    373    255
   201 :    193    287    192
   202 :    109    306    305
   203 :    264    386    380
   204 :    111    307    110
   205 :     49    285     48
   206 :      0    284     82
   207 :     64    332     63
   208 :    110    307    306
   209 :    141    286    140
   210 :    282    286     90
   211 :    112    308    111
   212 :     60    370    242
   213 :    380    386    240
   214 :     65    337     64
   215 :    193    289    287
   216 :    111    308    307
   217 :    285    287     48
   218 :     64    337    332
   219 :    113    309    112
   220 :     82    281     81
   221 :    140    286    282
   222 :    273    284     10
   223 :     66    339     65
   224 :    194    289    193
   225 :    112    309    308
   226 :     90    286     89
   227 :     61    370      6
   228 :    114    310    113
   229 :     65    339    337
   230 :     48    287     47
   231 :      9    327    257
   232 :     67    341     66
   233 :    142    300    141
   234 :    113    310    309
   235 :    241    311     11
   236 :     66    341    339
   237 :    115    312    114
   238 :    360    361     13
   239 :     68    343     67
   240 :    244    290     19
   241 :     11    311     97
   242 :     16    281    273
   243 :    287    289     47
   244 :    194    298    289
   245 :    114    312    310
   246 :    383    385    248
   247 :     67    343    341
   248 :    116    313    115
   249 :     21    321    201
   250 :     69    345     68
   251 :    141    300    286
   252 :    226    385    383
   253 :    195    298    194
   254 :    246    291     18
   255 :    115    313    312
   256 :     47    289     46
   257 :     68    345    343
   258 :     40    324     39
   259 :    117    314    116
   260 :    143    333    142
   261 :     70    347     69
   262 :     36    292     35
   263 :     82    284    281
   264 :    200    326    199
   265 :    116    314    313
   266 :    286    300     89
   267 :    201    325    200
   268 :     69    347    345
   269 :    293    388     99
   270 :    118    315    117
   271 :    321    325    201
   272 :     71    346     70
   273 :    289    298     46
   274 :    325    326    200
   275 :    292    321     21
   276 :    247    383    328
   277 :    117    315    314
   278 :     22    293    224
   279 :    195    320    298
   280 :    346    347     70
   281 :     72    344     71
   282 :    119    316    118
   283 :    224    294    223
   284 :    223    295    222
   285 :    293    294    224
   286 :    142    333    300
   287 :    144    351    143
   288 :     36    321    292
   289 :    222    297    221
   290 :     46    298     45
   291 :    294    295    223
   292 :    196    320    195
   293 :    221    299    220
   294 :     89    300     88
   295 :    344    346     71
   296 :    118    316    315
   297 :    295    297    222
   298 :     73    342     72
   299 :    220    301    219
   300 :    120    317    119
   301 :     81    327      9
   302 :    297    299    221
   303 :    352    372    255
   304 :    219    302    218
   305 :    299    301    220
   306 :    218    303    217
   307 :    301    302    219
   308 :    217    304    216
   309 :    216    305    215
   310 :    302    303    218
   311 :    342    344     72
   312 :     74    340     73
   313 :    215    306    214
   314 :    119    317    316
   315 :    303    304    217
   316 :    121    318    120
   317 :    214    307    213
   318 :    304    305    216
   319 :    213    308    212
   320 :    298    320     45
   321 :    305    306    215
   322 :    212    309    211
   323 :    211    310    210
   324 :    306    307    214
   325 :    210    312    209
   326 :    307    308    213
   327 :    209    313    208
   328 :    145    369    144
   329 :    208    314    207
   330 :    308    309    212
   331 :     75    338     74
   332 :    340    342     73
   333 :    207    315    206
   334 :    309    310    211
   335 :    206    316    205
   336 :    202    361     21
   337 :    205    317    204
   338 :    199    324     20
   339 :    204    318    203
   340 :    203    319    202
   341 :    310    312    210
   342 :    120    318    317
   343 :     13    319    121
   344 :    312    313    209
   345 :    196    329    320
   346 :    313    314    208
   347 :    314    315    207
   348 :    143    351    333
   349 :    315    316    206
   350 :    316    317    205
   351 :    317    318    204
   352 :    318    319    203
   353 :     45    320     44
   354 :    281    327     81
   355 :     76    336     75
   356 :    338    340     74
   357 :     37    321     36
   358 :    121    319    318
   359 :    197    329    196
   360 :     37    325    321
   361 :     23    350    322
   362 :     22    366    260
   363 :    146    375    145
   364 :     77    335     76
   365 :    336    338     75
   366 :     38    325     37
   367 :    292    360     35
   368 :     39    326     38
   369 :    320    329     44
   370 :     38    326    325
   371 :     41    323      3
   372 :    300    333     88
   373 :     78    334     77
   374 :    335    336     76
   375 :    144    369    351
   376 :    260    388     22
   377 :    147    387    146
   378 :     44    329     43
   379 :     79    331     78
   380 :    197    348    329
   381 :    334    335     77
   382 :     18    332    164
   383 :    133    322     14
   384 :    180    328    248
   385 :     18    291    280
   386 :     24    350     23
   387 :    149    330    148
   388 :    150    331    149
   389 :     80    330     79
   390 :     88    333     87
   391 :    151    334    150
   392 :    152    335    151
   393 :    198    348    197
   394 :    153    336    152
   395 :    164    337    163
   396 :    154    338    153
   397 :    163    339    162
   398 :    155    340    154
   399 :    162    341    161
   400 :    161    343    160
   401 :    156    342    155
   402 :    160    345    159
   403 :    157    344    156
   404 :    159    347    158
   405 :    158    346    157
   406 :    331    334     78
   407 :    149    331    330
   408 :    332    337    164
   409 :    150    334    331
   410 :    151    335    334
   411 :    152    336    335
   412 :    337    339    163
   413 :    153    338    336
   414 :    255    373    365
   415 :    339    341    162
   416 :    154    340    338
   417 :    329    348     43
   418 :    341    343    161
   419 :    155    342    340
   420 :    343    345    160
   421 :    156    344    342
   422 :    345    347    159
   423 :    157    346    344
   424 :    158    347    346
   425 :    145    375    369
   426 :      4    349     41
   427 :    242    370    296
   428 :    330    331     79
   429 :     43    348     42
   430 :    288    348    198
   431 :    280    368      8
   432 :    323    324     40
   433 :    146    387    375
   434 :    260    366    241
   435 :     20    288    198
   436 :     42    348    288
   437 :    333    351     87
   438 :    247    366     22
   439 :    264    380    246
   440 :     87    351     86
   441 :    243    291    290
   442 :    254    352    173
   443 :     25    353     24
   444 :     26    354     25
   445 :     27    355     26
   446 :     28    356     27
   447 :     25    354    353
   448 :     29    357     28
   449 :     26    355    354
   450 :     30    358     29
   451 :     35    360     34
   452 :     27    356    355
   453 :     31    359     30
   454 :     32    362     31
   455 :     28    357    356
   456 :     33    363     32
   457 :     29    358    357
   458 :    360    364     34
   459 :     34    364     33
   460 :     30    359    358
   461 :     31    362    359
   462 :     32    363    362
   463 :     33    364    363
   464 :    171    365    253
   465 :    240    386    239
   466 :     19    380    240
   467 :    351    369     86
   468 :    227    385    226
   469 :    239    384    238
   470 :    228    382    227
   471 :    238    381    237
   472 :    241    367    311
   473 :     86    369     85
   474 :    229    379    228
   475 :    237    378    236
   476 :    230    377    229
   477 :    236    376    235
   478 :    319    361    202
   479 :    231    374    230
   480 :    239    386    384
   481 :    232    371    231
   482 :    235    373    234
   483 :    233    372    232
   484 :     13    361    319
   485 :    382    385    227
   486 :    238    384    381
   487 :    379    382    228
   488 :    237    381    378
   489 :    242    368    243
   490 :    369    375     85
   491 :    226    383    225
   492 :    377    379    229
   493 :    236    378    376
   494 :    288    349      4
   495 :     85    375     84
   496 :      6    370     60
   497 :    374    377    230
   498 :    269    371    254
   499 :    252    374    269
   500 :    249    386    264
   501 :    371    374    231
   502 :     21    361    292
   503 :    269    374    371
   504 :    253    376    268
   505 :    267    377    252
   506 :    252    377    374
   507 :    268    378    251
   508 :    250    379    267
   509 :    376    378    268
   510 :    267    379    377
   511 :    251    381    266
   512 :    265    382    250
   513 :    378    381    251
   514 :    250    382    379
   515 :    266    384    249
   516 :    248    385    265
   517 :    384    386    249
   518 :    381    384    266
   519 :    265    385    382
   520 :     84    387     83
   521 :    375    387     84
   522 :    235    376    373
   523 :    371    372    254
   524 :     24    353    350
   525 :    373    376    253
   526 :    232    372    371
   527 :     41    349    323
   528 :     22    388    293
   529 :    328    383    248
   530 :    296    370     61
   531 :    247    367    366
   532 :    322    350    132
   533 :    366    367    241
   534 :     20    349    288
   535 :    254    372    352
   536 :    365    373    253
   537 :      1    284      0
   538 :     83    262     10
Number of domains 23
  Domain :      0 
  Name : Entity 24 
  Number of elements :      1
     0
  Domain :      1 
  Name : Entity 25 
  Number of elements :     19
     1     2     3     4     5     6     7     8     9    10
    11    12    13    14    15    16    17    18    19
  Domain :      2 
  Name : Entity 26 
  Number of elements :      2
    20    21
  Domain :      3 
  Name : Entity 27 
  Number of elements :     19
    22    23    24    25    26    27    28    29    30    31
    32    33    34    35    36    37    38    39    40
  Domain :      4 
  Name : Entity 28 
  Number of elements :      2
    41    42
  Domain :      5 
  Name : Entity 29 
  Number of elements :      2
    43    44
  Domain :      6 
  Name : Entity 30 
  Number of elements :      2
    45    46
  Domain :      7 
  Name : Entity 31 
  Number of elements :     19
    47    48    49    50    51    52    53    54    55    56
    57    58    59    60    61    62    63    64    65
  Domain :      8 
  Name : Entity 32 
  Number of elements :      3
    66    67    68
  Domain :      9 
  Name : Entity 33 
  Number of elements :      1
    69
  Domain :     10 
  Name : Entity 34 
  Number of elements :     16
    70    71    72    73    74    75    76    77    78    79
    80    81    82    83    84    85
  Domain :     11 
  Name : Entity 35 
  Number of elements :      2
    86    87
  Domain :     12 
  Name : Entity 36 
  Number of elements :     24
    88    89    90    91    92    93    94    95    96    97
    98    99   100   101   102   103   104   105   106   107
   108   109   110   111
  Domain :     13 
  Name : Entity 37 
  Number of elements :     12
   112   113   114   115   116   117   118   119   120   121
   122   123
  Domain :     14 
  Name : Entity 38 
  Number of elements :      2
   124   125
  Domain :     15 
  Name : Entity 39 
  Number of elements :     15
   126   127   128   129   130   131   132   133   134   135
   136   137   138   139   140
  Domain :     16 
  Name : Entity 40 
  Number of elements :      1
   141
  Domain :     17 
  Name : Entity 41 
  Number of elements :     18
   142   143   144   145   146   147   148   149   150   151
   152   153   154   155   156   157   158   159
  Domain :     18 
  Name : Entity 42 
  Number of elements :     17
   160   161   162   163   164   165   166   167   168   169
   170   171   172   173   174   175   176
  Domain :     19 
  Name : Entity 43 
  Number of elements :     19
   177   178   179   180   181   182   183   184   185   186
   187   188   189   190   191   192   193   194   195
  Domain :     20 
  Name : Entity 44 
  Number of elements :      4
   196   197   198   199
  Domain :     21 
  Name : Entity 45 
  Number of elements :     24
   200   201   202   203   204   205   206   207   208   209
   210   211   212   213   214   215   216   217   218   219
   220   221   222   223
  Domain :     22 
  Name : Entity 46 
  Number of elements :     17
   224   225   226   227   228   229   230   231   232   233
   234   235   236   237   238   239   240
